[gd_scene format=3 uid="uid://bmcaaywwj0wub"]

[ext_resource type="PackedScene" uid="uid://cmaj50dl4g046" path="res://assets/meshes/npc/human.blend" id="1_tn7bf"]
[ext_resource type="PackedScene" uid="uid://fa46fug6xx0l" path="res://assets/meshes/environment/props/geekbar.glb" id="2_hfnoj"]
[ext_resource type="Script" uid="uid://bwxv2gls5ckf3" path="res://scripts/npc/ragdoll.gd" id="2_v2vxy"]

[sub_resource type="CapsuleShape3D" id="CapsuleShape3D_v2vxy"]
radius = 0.042830896
height = 0.42830896

[sub_resource type="CapsuleShape3D" id="CapsuleShape3D_8nj2e"]
radius = 0.063018106
height = 0.6301811

[sub_resource type="CapsuleShape3D" id="CapsuleShape3D_dal1k"]
radius = 0.04201018
height = 0.4201018

[sub_resource type="CapsuleShape3D" id="CapsuleShape3D_dy7q6"]
radius = 0.040063985
height = 0.40063986

[sub_resource type="CapsuleShape3D" id="CapsuleShape3D_00vrq"]
radius = 0.03683699
height = 0.36836988

[sub_resource type="CapsuleShape3D" id="CapsuleShape3D_dlae8"]
radius = 0.016713854
height = 0.16713853

[sub_resource type="CapsuleShape3D" id="CapsuleShape3D_e4nfs"]
radius = 0.0859375
height = 0.5709766

[sub_resource type="CapsuleShape3D" id="CapsuleShape3D_omuhh"]
radius = 0.04201018
height = 0.4201018

[sub_resource type="CapsuleShape3D" id="CapsuleShape3D_yqyac"]
radius = 0.040063985
height = 0.40063986

[sub_resource type="CapsuleShape3D" id="CapsuleShape3D_ve2uh"]
radius = 0.03683699
height = 0.36836988

[sub_resource type="CapsuleShape3D" id="CapsuleShape3D_h5lav"]
radius = 0.016713854
height = 0.16713853

[sub_resource type="CapsuleShape3D" id="CapsuleShape3D_oijlj"]
radius = 0.019374508
height = 0.19374508

[sub_resource type="CapsuleShape3D" id="CapsuleShape3D_mpky2"]
radius = 0.06612295
height = 0.6612295

[sub_resource type="CapsuleShape3D" id="CapsuleShape3D_8dq86"]
radius = 0.059997816
height = 0.59997815

[sub_resource type="CapsuleShape3D" id="CapsuleShape3D_til4d"]
radius = 0.021918785
height = 0.21918784

[sub_resource type="CapsuleShape3D" id="CapsuleShape3D_gcvbg"]
radius = 0.019374508
height = 0.19374508

[sub_resource type="CapsuleShape3D" id="CapsuleShape3D_fpshv"]
radius = 0.06612295
height = 0.6612295

[sub_resource type="CapsuleShape3D" id="CapsuleShape3D_s32ll"]
radius = 0.059997816
height = 0.59997815

[sub_resource type="CapsuleShape3D" id="CapsuleShape3D_eehps"]
radius = 0.021918785
height = 0.21918784

[sub_resource type="AnimationNodeAnimation" id="AnimationNodeAnimation_v2vxy"]
animation = &"Geek Hit"

[sub_resource type="AnimationNodeBlend2" id="AnimationNodeBlend2_v2vxy"]

[sub_resource type="AnimationNodeAnimation" id="AnimationNodeAnimation_dal1k"]
animation = &"Run"

[sub_resource type="AnimationNodeBlend2" id="AnimationNodeBlend2_dy7q6"]

[sub_resource type="AnimationNodeAnimation" id="AnimationNodeAnimation_8nj2e"]
animation = &"Scared_Idle"

[sub_resource type="AnimationNodeBlend2" id="AnimationNodeBlend2_dal1k"]

[sub_resource type="AnimationNodeAnimation" id="AnimationNodeAnimation_dy7q6"]
animation = &"Walk"

[sub_resource type="AnimationNodeBlendTree" id="AnimationNodeBlendTree_v2vxy"]
nodes/output/position = Vector2(940, 80)
nodes/MoveBlend/node = SubResource("AnimationNodeBlend2_v2vxy")
nodes/MoveBlend/position = Vector2(60, 120)
nodes/Idle/node = SubResource("AnimationNodeAnimation_v2vxy")
nodes/Idle/position = Vector2(-260, 100)
nodes/Walk/node = SubResource("AnimationNodeAnimation_dy7q6")
nodes/Walk/position = Vector2(-240, 300)
nodes/ScaredBlend/node = SubResource("AnimationNodeBlend2_dal1k")
nodes/ScaredBlend/position = Vector2(440, 60)
nodes/Scared/node = SubResource("AnimationNodeAnimation_8nj2e")
nodes/Scared/position = Vector2(240, 280)
nodes/RunBlend/node = SubResource("AnimationNodeBlend2_dy7q6")
nodes/RunBlend/position = Vector2(700, 120)
nodes/Run/node = SubResource("AnimationNodeAnimation_dal1k")
nodes/Run/position = Vector2(500, 340)
node_connections = [&"output", 0, &"RunBlend", &"MoveBlend", 0, &"Idle", &"MoveBlend", 1, &"Walk", &"ScaredBlend", 0, &"MoveBlend", &"ScaredBlend", 1, &"Scared", &"RunBlend", 0, &"ScaredBlend", &"RunBlend", 1, &"Run"]

[sub_resource type="Curve" id="Curve_v2vxy"]
_data = [Vector2(0, 1), 0.0, 0.0, 0, 0, Vector2(0.6619217, 0.5615835), 0.0, 0.0, 0, 0, Vector2(1, 0), 0.0, 0.0, 0, 0]
point_count = 3

[sub_resource type="CurveTexture" id="CurveTexture_c3urb"]
curve = SubResource("Curve_v2vxy")

[sub_resource type="ParticleProcessMaterial" id="ParticleProcessMaterial_8nj2e"]
direction = Vector3(0, 1, 0)
spread = 20.0
initial_velocity_min = 0.099999994
initial_velocity_max = 1.0
gravity = Vector3(0, 1, 0)
scale_max = 2.0
scale_curve = SubResource("CurveTexture_c3urb")

[sub_resource type="StandardMaterial3D" id="StandardMaterial3D_n2gxi"]

[sub_resource type="BoxMesh" id="BoxMesh_dal1k"]
material = SubResource("StandardMaterial3D_n2gxi")
size = Vector3(0.1, 0.1, 0.1)

[node name="human" unique_id=1888585480 node_paths=PackedStringArray("phys_bone_simulator", "animation_tree", "smoke_particles") instance=ExtResource("1_tn7bf")]
script = ExtResource("2_v2vxy")
phys_bone_simulator = NodePath("Armature/Skeleton3D/PhysicalBoneSimulator3D")
animation_tree = NodePath("AnimationTree")
smoke_particles = NodePath("SmokeParticles")

[node name="Skeleton3D" parent="Armature" parent_id_path=PackedInt32Array(13672304) index="0" unique_id=1388067877]
bones/0/position = Vector3(0, 1.4493444, 0)
bones/0/rotation = Quaternion(0.027246876, 0, 0, 0.9996288)
bones/1/rotation = Quaternion(-0.08227269, 0, 0, 0.9966099)
bones/3/rotation = Quaternion(-0.009436736, -0.09256299, 0.5852153, 0.8055223)
bones/4/rotation = Quaternion(-0.0023536915, -0.00011305885, 0.0031187728, 0.99999243)
bones/5/rotation = Quaternion(-0.016155379, 0.07170474, 0.028754916, 0.99688053)
bones/6/rotation = Quaternion(6.897923e-10, -1.0400274e-08, -0.0028371965, 0.99999607)
bones/7/rotation = Quaternion(-0.39843985, -0.0465434, 0.12075173, 0.90801895)
bones/8/rotation = Quaternion(-0.011630798, 1.19201204e-07, -7.3869986e-09, 0.9999324)
bones/9/rotation = Quaternion(-0.059152983, -0.008817561, 0.0069503826, 0.9981858)
bones/11/rotation = Quaternion(-0.1927282, 0.266325, -0.64989746, 0.6852446)
bones/12/rotation = Quaternion(-0.55027777, 4.5962624e-05, -0.72914743, 0.4068642)
bones/13/rotation = Quaternion(0.5814547, -0.47563756, 0.28997493, 0.5929536)
bones/14/rotation = Quaternion(1.9289241e-09, -2.2814257e-09, -0.49097213, 0.8711753)
bones/15/rotation = Quaternion(0.25918117, -0.40131056, -0.5163454, 0.71074784)
bones/17/rotation = Quaternion(-0.6358325, -0.10108617, 0.052921094, 0.7633466)
bones/18/rotation = Quaternion(0.039617196, -0.0003967269, 0.15219924, 0.9875555)
bones/19/rotation = Quaternion(-0.05715385, 0.09097006, -0.62574255, 0.7725957)
bones/20/rotation = Quaternion(-0.0009457904, -3.811267e-09, -0.16418761, 0.9864287)
bones/21/rotation = Quaternion(0.5539019, 0.43953684, 0.55390203, -0.43953687)
bones/22/rotation = Quaternion(-0.5816873, 0.14195997, -0.06660164, 0.7981551)
bones/23/rotation = Quaternion(0.036355242, 0.00039750343, -0.13966762, 0.9895308)
bones/24/rotation = Quaternion(-0.059560172, 0.025988352, 0.60022134, 0.7971898)
bones/25/rotation = Quaternion(-0.0009457978, 7.244707e-10, 0.16418761, 0.9864287)
bones/26/position = Vector3(-0.38241366, 0.14248396, -0.05065921)
bones/26/rotation = Quaternion(1.7356034e-07, 7.357722e-08, 0.9992909, -0.03765539)
bones/27/position = Vector3(0.2094463, 0.9134913, -0.33189443)
bones/27/rotation = Quaternion(0.30524853, -0.66171426, 0.68471515, -0.011081304)
bones/28/position = Vector3(-0.43773043, 0.52076066, 0.41480917)
bones/29/position = Vector3(0.43773043, 0.52076066, 0.41480917)
bones/29/rotation = Quaternion(-0.036714267, 0.70615304, 0.706153, -0.036714263)
bones/30/position = Vector3(-0.14217342, 0.1619202, 0.05621008)
bones/30/rotation = Quaternion(-0.59212095, -0.384981, 0.5955416, 0.38276976)
bones/31/position = Vector3(0.2925796, 0.1619202, 0.02716966)
bones/31/rotation = Quaternion(0.49678722, -0.3236584, 0.6771111, -0.43585348)
bones/32/rotation = Quaternion(0.48961437, 0.5101744, -0.51017433, -0.4896143)
bones/33/position = Vector3(0.2939411, 0.71060586, -0.5232861)

[node name="PhysicalBoneSimulator3D" type="PhysicalBoneSimulator3D" parent="Armature/Skeleton3D" index="3" unique_id=122383675]

[node name="Physical Bone Hips" type="PhysicalBone3D" parent="Armature/Skeleton3D/PhysicalBoneSimulator3D" index="0" unique_id=1906523512]
transform = Transform3D(1, 0, 0, 0, -0.19326884, -0.98114586, 0, 0.98114586, -0.19326882, 0, 1.5962967, 0.03639947)
collision_layer = 4
joint_type = 2
joint_offset = Transform3D(1, 0, 0, 0, 1, 0, 0, 0, 1, 0, -0.007311886, 0.1512165)
body_offset = Transform3D(1, 0, 0, 0, -0.13953544, -0.9902172, 0, 0.9902172, -0.13953544, 0, 0.14871693, 0.028340418)
mass = 5.0
linear_damp = 3.0
angular_damp = 3.0
can_sleep = false
bone_name = "Hips"
joint_constraints/swing_span = 45.0
joint_constraints/twist_span = 180.0
joint_constraints/bias = 0.3
joint_constraints/softness = 0.8
joint_constraints/relaxation = 1.0

[node name="CollisionShape3D" type="CollisionShape3D" parent="Armature/Skeleton3D/PhysicalBoneSimulator3D/Physical Bone Hips" index="0" unique_id=719602954]
transform = Transform3D(1, 0, 0, 0, 0, 1, 0, -1, 0, 0, 0, 0)
shape = SubResource("CapsuleShape3D_v2vxy")

[node name="Physical Bone Ribs" type="PhysicalBone3D" parent="Armature/Skeleton3D/PhysicalBoneSimulator3D" index="1" unique_id=31250987]
transform = Transform3D(1, 0, 0, 0, 0.23774177, -0.9713284, 0, 0.9713284, 0.23774177, 0, 2.1105134, 0.01977474)
collision_layer = 4
joint_type = 2
joint_offset = Transform3D(1, 0, 0, 0, 1, 0, 0, 0, 1, 0, -0.05205698, 0.22764689)
body_offset = Transform3D(1, 0, 0, 0, 0.12944499, -0.9915867, 0, 0.9915867, 0.12944499, 0, 0.23247015, 0.022151262)
mass = 10.0
linear_damp = 3.0
angular_damp = 3.0
can_sleep = false
bone_name = "Ribs"
joint_constraints/swing_span = 45.0
joint_constraints/twist_span = 180.0
joint_constraints/bias = 0.3
joint_constraints/softness = 0.8
joint_constraints/relaxation = 1.0

[node name="CollisionShape3D" type="CollisionShape3D" parent="Armature/Skeleton3D/PhysicalBoneSimulator3D/Physical Bone Ribs" index="0" unique_id=2052598406]
transform = Transform3D(1, 0, 0, 0, 0, 1, 0, -1, 0, 0, 0, 0)
shape = SubResource("CapsuleShape3D_8nj2e")

[node name="Physical Bone Shoulder_R" type="PhysicalBone3D" parent="Armature/Skeleton3D/PhysicalBoneSimulator3D" index="2" unique_id=355831451]
transform = Transform3D(-0.3372266, -0.00031021953, 0.9414235, 0.9145518, 0.23711087, 0.327679, -0.22332337, 0.97148263, -0.07967637, -0.19860059, 2.3507934, -0.040283814)
collision_layer = 4
joint_type = 2
joint_offset = Transform3D(1, 0, 0, 0, 1, 0, 0, 0, 1, 0.07384424, 0.030570008, 0.2374195)
body_offset = Transform3D(0.992578, 0.121582754, 0.0025609722, 0.0077853696, -0.042514417, -0.9990656, -0.12136025, 0.9916705, -0.043145437, -0.07762098, 0.23792243, -0.0111100525)
mass = 5.0
linear_damp = 3.0
angular_damp = 3.0
can_sleep = false
bone_name = "Shoulder.R"
joint_constraints/swing_span = 45.0
joint_constraints/twist_span = 180.0
joint_constraints/bias = 0.3
joint_constraints/softness = 0.8
joint_constraints/relaxation = 1.0

[node name="CollisionShape3D" type="CollisionShape3D" parent="Armature/Skeleton3D/PhysicalBoneSimulator3D/Physical Bone Shoulder_R" index="0" unique_id=594943416]
transform = Transform3D(1, 0, 0, 0, 0, 1, 0, -1, 0, 0, 0, 0)
shape = SubResource("CapsuleShape3D_dal1k")

[node name="Physical Bone Tricep_R" type="PhysicalBone3D" parent="Armature/Skeleton3D/PhysicalBoneSimulator3D" index="3" unique_id=1963828378]
transform = Transform3D(-0.79165566, 0.5951985, -0.13791326, -0.2081748, -0.05055669, 0.97678417, 0.574408, 0.80198675, 0.16392882, -0.3549249, 2.0902615, -0.07977599)
collision_layer = 4
joint_type = 3
joint_offset = Transform3D(1, 0, 0, 0, 1, 0, 0, 0, 1, 0.0038098749, 0.0009619333, 0.2817205)
body_offset = Transform3D(0.8682076, -0.47531188, 0.14245845, 0.18779226, 0.049005654, -0.9809855, 0.45929283, 0.87845165, 0.13180695, -0.04298401, 0.27560115, -0.039727584)
mass = 5.0
linear_damp = 3.0
angular_damp = 3.0
can_sleep = false
bone_name = "Tricep.R"
joint_constraints/angular_limit_enabled = false
joint_constraints/angular_limit_upper = 90.0
joint_constraints/angular_limit_lower = -90.0
joint_constraints/angular_limit_bias = 0.3
joint_constraints/angular_limit_softness = 0.9
joint_constraints/angular_limit_relaxation = 1.0

[node name="CollisionShape3D" type="CollisionShape3D" parent="Armature/Skeleton3D/PhysicalBoneSimulator3D/Physical Bone Tricep_R" index="0" unique_id=1424668553]
transform = Transform3D(1, 0, 0, 0, 0, 1, 0, -1, 0, 0, 0, 0)
shape = SubResource("CapsuleShape3D_dy7q6")

[node name="Physical Bone Bicep_R" type="PhysicalBone3D" parent="Armature/Skeleton3D/PhysicalBoneSimulator3D" index="4" unique_id=573261970]
transform = Transform3D(-0.8057738, 0.5916933, -0.02505321, -0.085764565, -0.07472832, 0.993509, 0.5859804, 0.8026922, 0.11096044, -0.33452746, 1.7090441, -0.12085344)
collision_layer = 4
joint_type = 3
joint_offset = Transform3D(1, 0, 0, 0, 1, 0, 0, 0, 1, 0.0724075, 0.016215518, 0.26413962)
body_offset = Transform3D(0.88215077, -0.47066724, 0.016797869, 0.057326533, 0.071906365, -0.99576247, 0.467465, 0.87937576, 0.09041399, -0.060679197, 0.25770342, -0.07198942)
mass = 5.0
linear_damp = 3.0
angular_damp = 3.0
can_sleep = false
bone_name = "Bicep.R"
joint_constraints/angular_limit_enabled = false
joint_constraints/angular_limit_upper = 90.0
joint_constraints/angular_limit_lower = -90.0
joint_constraints/angular_limit_bias = 0.3
joint_constraints/angular_limit_softness = 0.9
joint_constraints/angular_limit_relaxation = 1.0

[node name="CollisionShape3D" type="CollisionShape3D" parent="Armature/Skeleton3D/PhysicalBoneSimulator3D/Physical Bone Bicep_R" index="0" unique_id=475129583]
transform = Transform3D(1, 0, 0, 0, 0, 1, 0, -1, 0, 0, 0, 0)
shape = SubResource("CapsuleShape3D_00vrq")

[node name="Physical Bone Hand_1_R" type="PhysicalBone3D" parent="Armature/Skeleton3D/PhysicalBoneSimulator3D" index="5" unique_id=890839266]
transform = Transform3D(-0.9516132, 0.0015743081, -0.30729455, -0.30173033, -0.1942883, 0.9333868, -0.0582343, 0.9809432, 0.18536231, -0.27274877, 1.4688977, -0.14027674)
collision_layer = 4
joint_type = 3
joint_offset = Transform3D(1, 0, 0, 0, 1, 0, 0, 0, 1, 0.06005603, 0.07042874, 0.17006384)
body_offset = Transform3D(0.9720741, 0.0091362465, 0.23449588, 0.23098388, 0.13925032, -0.96294105, -0.041451383, 0.99021506, 0.13325131, -0.09890163, 0.14008224, -0.089911416)
mass = 5.0
linear_damp = 3.0
angular_damp = 3.0
can_sleep = false
bone_name = "Hand.1.R"
joint_constraints/angular_limit_enabled = false
joint_constraints/angular_limit_upper = 90.0
joint_constraints/angular_limit_lower = -90.0
joint_constraints/angular_limit_bias = 0.3
joint_constraints/angular_limit_softness = 0.9
joint_constraints/angular_limit_relaxation = 1.0

[node name="CollisionShape3D" type="CollisionShape3D" parent="Armature/Skeleton3D/PhysicalBoneSimulator3D/Physical Bone Hand_1_R" index="0" unique_id=212694093]
transform = Transform3D(1, 0, 0, 0, 0, 1, 0, -1, 0, 0, 0, 0)
shape = SubResource("CapsuleShape3D_dlae8")

[node name="Physical Bone Neck" type="PhysicalBone3D" parent="Armature/Skeleton3D/PhysicalBoneSimulator3D" index="6" unique_id=31011275]
transform = Transform3D(1, 2.4145533e-07, -1.184992e-08, -9.934626e-08, 0.36577153, -0.9307047, -2.2038924e-07, 0.9307047, 0.36577153, 9.0564e-11, 2.5064154, -0.08393059)
collision_layer = 4
joint_type = 2
joint_offset = Transform3D(1, 0, 0, 0, 1, 0, 0, 0, 1, -8.149312e-09, 0.03419568, 0.016707316)
body_offset = Transform3D(1, 6.9260437e-09, -5.7126726e-08, -5.712902e-08, 0.2386432, -0.97110736, 6.9069586e-09, 0.9711073, 0.2386432, 8.866905e-09, 0.008064032, -0.03719476)
mass = 5.0
linear_damp = 3.0
angular_damp = 3.0
can_sleep = false
bone_name = "Neck"
joint_constraints/swing_span = 45.0
joint_constraints/twist_span = 180.0
joint_constraints/bias = 0.3
joint_constraints/softness = 0.8
joint_constraints/relaxation = 1.0

[node name="CollisionShape3D" type="CollisionShape3D" parent="Armature/Skeleton3D/PhysicalBoneSimulator3D/Physical Bone Neck" index="0" unique_id=1690606752]
transform = Transform3D(1, -3.748113e-13, 3.2969183e-12, 0, 1.4901161e-08, 0.9999996, 0, -0.9999996, 1.4901161e-08, -7.1054274e-15, 2.9802322e-08, -0.1943171)
shape = SubResource("CapsuleShape3D_e4nfs")

[node name="Physical Bone Shoulder_L" type="PhysicalBone3D" parent="Armature/Skeleton3D/PhysicalBoneSimulator3D" index="7" unique_id=587262156]
transform = Transform3D(-0.3372266, 0.00031021953, -0.9414235, -0.9145518, 0.23711087, 0.327679, 0.22332337, 0.97148263, -0.07967637, 0.19860059, 2.3507934, -0.040283814)
collision_layer = 4
joint_type = 2
joint_offset = Transform3D(1, 0, 0, 0, 1, 0, 0, 0, 1, -0.07384424, 0.030570008, 0.2374195)
body_offset = Transform3D(0.992578, -0.121582754, -0.0025609722, -0.0077853696, -0.042514417, -0.9990656, 0.12136025, 0.9916705, -0.043145437, 0.07762098, 0.23792243, -0.0111100525)
mass = 5.0
linear_damp = 3.0
angular_damp = 3.0
can_sleep = false
bone_name = "Shoulder.L"
joint_constraints/swing_span = 45.0
joint_constraints/twist_span = 180.0
joint_constraints/bias = 0.3
joint_constraints/softness = 0.8
joint_constraints/relaxation = 1.0

[node name="CollisionShape3D" type="CollisionShape3D" parent="Armature/Skeleton3D/PhysicalBoneSimulator3D/Physical Bone Shoulder_L" index="0" unique_id=1109488395]
transform = Transform3D(1, 0, 0, 0, 0, 1, 0, -1, 0, 0, 0, 0)
shape = SubResource("CapsuleShape3D_omuhh")

[node name="Physical Bone Tricep_L" type="PhysicalBone3D" parent="Armature/Skeleton3D/PhysicalBoneSimulator3D" index="8" unique_id=383402823]
transform = Transform3D(-0.78055197, -0.6210767, 0.07072674, 0.28997746, -0.259535, 0.92117023, -0.5537613, 0.7395305, 0.38267884, 0.3612435, 2.119284, -0.15558463)
collision_layer = 4
joint_type = 3
joint_offset = Transform3D(1, 0, 0, 0, 1, 0, 0, 0, 1, -0.025358856, 0.007012723, 0.2762677)
body_offset = Transform3D(0.90496236, 0.39602178, 0.15559551, 0.19236875, -0.054627925, -0.9798009, -0.37952274, 0.9166149, -0.12561843, -0.022814393, 0.27594864, 0.018652081)
mass = 5.0
linear_damp = 3.0
angular_damp = 3.0
can_sleep = false
bone_name = "Tricep.L"
joint_constraints/angular_limit_enabled = false
joint_constraints/angular_limit_upper = 90.0
joint_constraints/angular_limit_lower = -90.0
joint_constraints/angular_limit_bias = 0.3
joint_constraints/angular_limit_softness = 0.9
joint_constraints/angular_limit_relaxation = 1.0

[node name="CollisionShape3D" type="CollisionShape3D" parent="Armature/Skeleton3D/PhysicalBoneSimulator3D/Physical Bone Tricep_L" index="0" unique_id=1827765168]
transform = Transform3D(1, 0, 0, 0, 0, 1, 0, -1, 0, 0, 0, 0)
shape = SubResource("CapsuleShape3D_yqyac")

[node name="Physical Bone Bicep_L" type="PhysicalBone3D" parent="Armature/Skeleton3D/PhysicalBoneSimulator3D" index="9" unique_id=31229898]
transform = Transform3D(0.2836224, -0.9577227, -0.048224904, -0.034569323, 0.040045768, -0.99859965, 0.9583128, 0.28489235, -0.021749943, 0.29055738, 2.206977, -0.28892878)
collision_layer = 4
joint_type = 3
joint_offset = Transform3D(1, 0, 0, 0, 1, 0, 0, 0, 1, 0.062129635, -0.023037257, 0.17312318)
body_offset = Transform3D(0.93209964, 0.34120122, -0.121539205, -0.23053125, 0.30004343, -0.92565066, -0.27936596, 0.8908175, 0.35832787, -0.029009417, 0.1814866, -0.024155974)
mass = 5.0
linear_damp = 3.0
angular_damp = 3.0
can_sleep = false
bone_name = "Bicep.L"
joint_constraints/angular_limit_enabled = false
joint_constraints/angular_limit_upper = 90.0
joint_constraints/angular_limit_lower = -90.0
joint_constraints/angular_limit_bias = 0.3
joint_constraints/angular_limit_softness = 0.9
joint_constraints/angular_limit_relaxation = 1.0

[node name="CollisionShape3D" type="CollisionShape3D" parent="Armature/Skeleton3D/PhysicalBoneSimulator3D/Physical Bone Bicep_L" index="0" unique_id=246292318]
transform = Transform3D(1, 0, 0, 0, 0, 1, 0, -1, 0, 0, 0, 0)
shape = SubResource("CapsuleShape3D_ve2uh")

[node name="Physical Bone Hand_1_L" type="PhysicalBone3D" parent="Armature/Skeleton3D/PhysicalBoneSimulator3D" index="10" unique_id=2072141241]
transform = Transform3D(-0.79877645, 0.22800164, 0.55675095, -0.4753837, -0.8063747, -0.35181, 0.36873662, -0.54568785, 0.7525013, 0.13219437, 2.488238, -0.3182285)
collision_layer = 4
joint_type = 3
joint_offset = Transform3D(1, 0, 0, 0, 1, 0, 0, 0, 1, 0.004399513, 0.08588461, 0.10801138)
body_offset = Transform3D(0.99920386, -0.038414747, -0.010782242, 0.008630991, 0.4719444, -0.88158596, 0.03895446, 0.880791, 0.4719004, 6.7830086e-05, 0.05465059, -0.12678838)
mass = 5.0
linear_damp = 3.0
angular_damp = 3.0
can_sleep = false
bone_name = "Hand.1.L"
joint_constraints/angular_limit_enabled = false
joint_constraints/angular_limit_upper = 90.0
joint_constraints/angular_limit_lower = -90.0
joint_constraints/angular_limit_bias = 0.3
joint_constraints/angular_limit_softness = 0.9
joint_constraints/angular_limit_relaxation = 1.0

[node name="CollisionShape3D" type="CollisionShape3D" parent="Armature/Skeleton3D/PhysicalBoneSimulator3D/Physical Bone Hand_1_L" index="0" unique_id=1639834651]
transform = Transform3D(1, 0, 0, 0, 0, 1, 0, -1, 0, 0, 0, 0)
shape = SubResource("CapsuleShape3D_h5lav")

[node name="geekbar" parent="Armature/Skeleton3D/PhysicalBoneSimulator3D/Physical Bone Hand_1_L" index="1" unique_id=1384512448 instance=ExtResource("2_hfnoj")]
transform = Transform3D(-0.29915255, -0.003824235, 0.02220522, 0.00093832123, -0.29750538, -0.03859587, 0.022512585, -0.038417406, 0.29667708, 0.055675566, 0.11484355, -0.025343776)

[node name="Physical Bone Hips_2_R" type="PhysicalBone3D" parent="Armature/Skeleton3D/PhysicalBoneSimulator3D" index="11" unique_id=320994316]
transform = Transform3D(-5.2582473e-06, -0.22721574, 0.97384447, 0.19312873, 0.95551, 0.22293904, -0.9811735, 0.1880785, 0.04387686, -0.09439717, 1.3554003, -0.010950428)
collision_layer = 4
joint_type = 2
joint_offset = Transform3D(1, 0, 0, 0, 1, 0, 0, 0, 1, 0.007398544, 0.07037557, 0.11335243)
body_offset = Transform3D(0.9902372, -0.13574906, -0.031667683, -0.03166951, 0.0021462983, -0.9994962, 0.1357486, 0.9907411, -0.002173788, 0.005816713, 0.113378584, -0.0704819)
mass = 5.0
linear_damp = 3.0
angular_damp = 3.0
can_sleep = false
bone_name = "Hips.2.R"
joint_constraints/swing_span = 45.0
joint_constraints/twist_span = 180.0
joint_constraints/bias = 0.3
joint_constraints/softness = 0.8
joint_constraints/relaxation = 1.0

[node name="CollisionShape3D" type="CollisionShape3D" parent="Armature/Skeleton3D/PhysicalBoneSimulator3D/Physical Bone Hips_2_R" index="0" unique_id=1898183871]
transform = Transform3D(1, 0, 0, 0, 0, 1, 0, -1, 0, 0, 0, 0)
shape = SubResource("CapsuleShape3D_oijlj")

[node name="Physical Bone Thigh_R" type="PhysicalBone3D" parent="Armature/Skeleton3D/PhysicalBoneSimulator3D" index="12" unique_id=1185385575]
transform = Transform3D(-0.7358863, -0.65438354, 0.17393574, 0.34804404, -0.14521767, 0.92616266, -0.5808071, 0.74208766, 0.33461797, -0.25108215, 1.0280311, -0.12883888)
collision_layer = 4
joint_type = 3
joint_offset = Transform3D(1, 0, 0, 0, 1, 0, 0, 0, 1, 0.0119750835, -0.0018053055, 0.40265518)
body_offset = Transform3D(0.7596307, -0.5869376, -0.28011727, -0.31758267, 0.041095838, -0.9473397, 0.56754094, 0.8085887, -0.15518354, 0.10263443, 0.38532853, 0.05714886)
mass = 5.0
linear_damp = 3.0
angular_damp = 3.0
can_sleep = false
bone_name = "Thigh.R"
joint_constraints/angular_limit_enabled = false
joint_constraints/angular_limit_upper = 90.0
joint_constraints/angular_limit_lower = -90.0
joint_constraints/angular_limit_bias = 0.3
joint_constraints/angular_limit_softness = 0.9
joint_constraints/angular_limit_relaxation = 1.0

[node name="CollisionShape3D" type="CollisionShape3D" parent="Armature/Skeleton3D/PhysicalBoneSimulator3D/Physical Bone Thigh_R" index="0" unique_id=547367391]
transform = Transform3D(1, 0, 0, 0, 0, 1, 0, -1, 0, 0, 0, 0)
shape = SubResource("CapsuleShape3D_mpky2")

[node name="Physical Bone Calf_R" type="PhysicalBone3D" parent="Armature/Skeleton3D/PhysicalBoneSimulator3D" index="13" unique_id=470566835]
transform = Transform3D(-0.7290641, -0.66220707, -0.17305315, -0.5088416, 0.3553029, 0.78411746, -0.4577618, 0.65972847, -0.5959971, -0.2519701, 0.4146115, -0.03456549)
collision_layer = 4
joint_type = 3
joint_offset = Transform3D(1, 0, 0, 0, 1, 0, 0, 0, 1, -0.21998781, 0.034909718, 0.26684922)
body_offset = Transform3D(0.7004937, -0.56370735, 0.43765584, 0.37738305, -0.22790942, -0.8975742, 0.605715, 0.7939091, 0.053084537, 0.05699081, 0.33049294, 0.0913692)
mass = 5.0
linear_damp = 3.0
angular_damp = 3.0
can_sleep = false
bone_name = "Calf.R"
joint_constraints/angular_limit_enabled = false
joint_constraints/angular_limit_upper = 90.0
joint_constraints/angular_limit_lower = -90.0
joint_constraints/angular_limit_bias = 0.3
joint_constraints/angular_limit_softness = 0.9
joint_constraints/angular_limit_relaxation = 1.0

[node name="CollisionShape3D" type="CollisionShape3D" parent="Armature/Skeleton3D/PhysicalBoneSimulator3D/Physical Bone Calf_R" index="0" unique_id=1900314496]
transform = Transform3D(1, 0, 0, 0, 0, 1, 0, -1, 0, 0, 0, 0)
shape = SubResource("CapsuleShape3D_8dq86")

[node name="Physical Bone Foot_1_R" type="PhysicalBone3D" parent="Armature/Skeleton3D/PhysicalBoneSimulator3D" index="14" unique_id=84518317]
transform = Transform3D(0.049146667, -0.9911644, -0.12319829, 0.9105052, -0.006243276, 0.41345057, -0.41056663, -0.13249241, 0.90215343, -0.22122543, 0.116615936, 0.017534163)
collision_layer = 4
joint_type = 3
joint_offset = Transform3D(1, 0, 0, 0, 1, 0, 0, 0, 1, 0.029028859, -0.08385712, 0.044892818)
body_offset = Transform3D(0.9984937, 0.05465853, 0.0047902465, -0.0019815862, 0.12316833, -0.99238396, -0.05483227, 0.9908795, 0.123091154, -0.024616674, 0.054936975, 0.07915811)
mass = 5.0
linear_damp = 3.0
angular_damp = 3.0
can_sleep = false
bone_name = "Foot.1.R"
joint_constraints/angular_limit_enabled = false
joint_constraints/angular_limit_upper = 90.0
joint_constraints/angular_limit_lower = -90.0
joint_constraints/angular_limit_bias = 0.3
joint_constraints/angular_limit_softness = 0.9
joint_constraints/angular_limit_relaxation = 1.0

[node name="CollisionShape3D" type="CollisionShape3D" parent="Armature/Skeleton3D/PhysicalBoneSimulator3D/Physical Bone Foot_1_R" index="0" unique_id=691691538]
transform = Transform3D(1, 0, 0, 0, 0, 1, 0, -1, 0, 0, 0, 0)
shape = SubResource("CapsuleShape3D_til4d")

[node name="Physical Bone Hips_2_L" type="PhysicalBone3D" parent="Armature/Skeleton3D/PhysicalBoneSimulator3D" index="15" unique_id=1835199628]
transform = Transform3D(1.7503276e-05, 0.22718947, -0.9738506, -0.19313556, 0.95551586, 0.22290866, 0.9811721, 0.18808128, 0.043895088, 0.09433676, 1.356727, -0.010474917)
collision_layer = 4
joint_type = 2
joint_offset = Transform3D(1, 0, 0, 0, 1, 0, 0, 0, 1, -0.0076116575, 0.06903516, 0.11297492)
body_offset = Transform3D(0.990236, 0.13575163, 0.03168735, 0.03169324, 0.002119431, -0.9994953, -0.13575017, 0.99074066, -0.002203744, -0.005414173, 0.11301282, -0.06918025)
mass = 5.0
linear_damp = 3.0
angular_damp = 3.0
can_sleep = false
bone_name = "Hips.2.L"
joint_constraints/swing_span = 45.0
joint_constraints/twist_span = 180.0
joint_constraints/bias = 0.3
joint_constraints/softness = 0.8
joint_constraints/relaxation = 1.0

[node name="CollisionShape3D" type="CollisionShape3D" parent="Armature/Skeleton3D/PhysicalBoneSimulator3D/Physical Bone Hips_2_L" index="0" unique_id=1577529742]
transform = Transform3D(1, 0, 0, 0, 0, 1, 0, -1, 0, 0, 0, 0)
shape = SubResource("CapsuleShape3D_gcvbg")

[node name="Physical Bone Thigh_L" type="PhysicalBone3D" parent="Armature/Skeleton3D/PhysicalBoneSimulator3D" index="16" unique_id=355055943]
transform = Transform3D(-0.9016821, 0.20840557, -0.37886217, -0.37294984, 0.06854484, 0.9253162, 0.21881008, 0.9756376, 0.015919166, 0.33286577, 1.031707, -0.01763576)
collision_layer = 4
joint_type = 3
joint_offset = Transform3D(1, 0, 0, 0, 1, 0, 0, 0, 1, -0.006016627, 0.010430325, 0.40064082)
body_offset = Transform3D(0.52610373, 0.85041505, 0.002923943, 0.2623516, -0.15902975, -0.9517778, -0.8089414, 0.5015012, -0.30677396, -0.0068761855, 0.3845582, 0.11280823)
mass = 5.0
linear_damp = 3.0
angular_damp = 3.0
can_sleep = false
bone_name = "Thigh.L"
joint_constraints/angular_limit_enabled = false
joint_constraints/angular_limit_upper = 90.0
joint_constraints/angular_limit_lower = -90.0
joint_constraints/angular_limit_bias = 0.3
joint_constraints/angular_limit_softness = 0.9
joint_constraints/angular_limit_relaxation = 1.0

[node name="CollisionShape3D" type="CollisionShape3D" parent="Armature/Skeleton3D/PhysicalBoneSimulator3D/Physical Bone Thigh_L" index="0" unique_id=1194485989]
transform = Transform3D(1, 0, 0, 0, 0, 1, 0, -1, 0, 0, 0, 0)
shape = SubResource("CapsuleShape3D_fpshv")

[node name="Physical Bone Calf_L" type="PhysicalBone3D" parent="Armature/Skeleton3D/PhysicalBoneSimulator3D" index="17" unique_id=1383217758]
transform = Transform3D(-0.97291213, 0.185128, 0.13845438, 0.21840571, 0.53978544, 0.8129764, 0.075769044, 0.8211938, -0.5655968, 0.41158196, 0.48929214, 0.16242908)
collision_layer = 4
joint_type = 3
joint_offset = Transform3D(1, 0, 0, 0, 1, 0, 0, 0, 1, 0.19743775, -0.085459426, 0.32578343)
body_offset = Transform3D(0.41553962, 0.7860322, -0.45768964, -0.27211428, -0.3727147, -0.88715124, -0.8679173, 0.49319062, 0.0590128, 0.13423836, 0.31089282, 0.19428203)
mass = 5.0
linear_damp = 3.0
angular_damp = 3.0
can_sleep = false
bone_name = "Calf.L"
joint_constraints/angular_limit_enabled = false
joint_constraints/angular_limit_upper = 90.0
joint_constraints/angular_limit_lower = -90.0
joint_constraints/angular_limit_bias = 0.3
joint_constraints/angular_limit_softness = 0.9
joint_constraints/angular_limit_relaxation = 1.0

[node name="CollisionShape3D" type="CollisionShape3D" parent="Armature/Skeleton3D/PhysicalBoneSimulator3D/Physical Bone Calf_L" index="0" unique_id=1078585442]
transform = Transform3D(1, 0, 0, 0, 0, 1, 0, -1, 0, 0, 0, 0)
shape = SubResource("CapsuleShape3D_s32ll")

[node name="Physical Bone Foot_1_L" type="PhysicalBone3D" parent="Armature/Skeleton3D/PhysicalBoneSimulator3D" index="18" unique_id=1906222067]
transform = Transform3D(-0.40900332, 0.09917367, -0.9071278, -0.911722, -0.0025128145, 0.41080004, 0.038461104, 0.995067, 0.09144656, 0.46668488, 0.11791945, 0.34455615)
collision_layer = 4
joint_type = 3
joint_offset = Transform3D(1, 0, 0, 0, 1, 0, 0, 0, 1, 0.018822864, -0.3323848, 0.1471661)
body_offset = Transform3D(0.89737815, 0.38053024, -0.22340298, 0.23272532, -0.83828866, -0.49306273, -0.37490156, 0.3904724, -0.840821, 0.14246857, -0.21045282, 0.26058415)
mass = 5.0
linear_damp = 3.0
angular_damp = 3.0
can_sleep = false
bone_name = "Foot.1.L"
joint_constraints/angular_limit_enabled = false
joint_constraints/angular_limit_upper = 90.0
joint_constraints/angular_limit_lower = -90.0
joint_constraints/angular_limit_bias = 0.3
joint_constraints/angular_limit_softness = 0.9
joint_constraints/angular_limit_relaxation = 1.0

[node name="CollisionShape3D" type="CollisionShape3D" parent="Armature/Skeleton3D/PhysicalBoneSimulator3D/Physical Bone Foot_1_L" index="0" unique_id=1611348981]
transform = Transform3D(1, 0, 0, 0, 0, 1, 0, -1, 0, 0, 0, 0)
shape = SubResource("CapsuleShape3D_eehps")

[node name="AnimationPlayer" parent="." index="1" unique_id=1161527485]
callback_mode_discrete = 0

[node name="AnimationTree" type="AnimationTree" parent="." index="2" unique_id=1582869694]
tree_root = SubResource("AnimationNodeBlendTree_v2vxy")
anim_player = NodePath("../AnimationPlayer")
parameters/MoveBlend/blend_amount = 0.0
parameters/ScaredBlend/blend_amount = 0.0
parameters/RunBlend/blend_amount = 0.0

[node name="SmokeParticles" type="GPUParticles3D" parent="." index="3" unique_id=759927837]
transform = Transform3D(1, 0, 0, 0, 1, 0, 0, 0, 1, 0, 2.697866, -0.3581723)
emitting = false
amount = 32
one_shot = true
explosiveness = 0.2
process_material = SubResource("ParticleProcessMaterial_8nj2e")
draw_pass_1 = SubResource("BoxMesh_dal1k")
