[gd_scene format=3 uid="uid://bmcaaywwj0wub"]

[ext_resource type="PackedScene" uid="uid://cmaj50dl4g046" path="res://assets/meshes/npc/human.blend" id="1_tn7bf"]
[ext_resource type="PackedScene" uid="uid://fa46fug6xx0l" path="res://assets/meshes/environment/props/geekbar.glb" id="2_hfnoj"]
[ext_resource type="Script" uid="uid://bwxv2gls5ckf3" path="res://scripts/npc/ragdoll.gd" id="2_v2vxy"]

[sub_resource type="CapsuleShape3D" id="CapsuleShape3D_v2vxy"]
radius = 0.042830896
height = 0.42830896

[sub_resource type="CapsuleShape3D" id="CapsuleShape3D_8nj2e"]
radius = 0.063018106
height = 0.6301811

[sub_resource type="CapsuleShape3D" id="CapsuleShape3D_dal1k"]
radius = 0.04201018
height = 0.4201018

[sub_resource type="CapsuleShape3D" id="CapsuleShape3D_dy7q6"]
radius = 0.040063985
height = 0.40063986

[sub_resource type="CapsuleShape3D" id="CapsuleShape3D_00vrq"]
radius = 0.03683699
height = 0.36836988

[sub_resource type="CapsuleShape3D" id="CapsuleShape3D_dlae8"]
radius = 0.016713854
height = 0.16713853

[sub_resource type="CapsuleShape3D" id="CapsuleShape3D_e4nfs"]
radius = 0.0859375
height = 0.5709766

[sub_resource type="CapsuleShape3D" id="CapsuleShape3D_omuhh"]
radius = 0.04201018
height = 0.4201018

[sub_resource type="CapsuleShape3D" id="CapsuleShape3D_yqyac"]
radius = 0.040063985
height = 0.40063986

[sub_resource type="CapsuleShape3D" id="CapsuleShape3D_ve2uh"]
radius = 0.03683699
height = 0.36836988

[sub_resource type="CapsuleShape3D" id="CapsuleShape3D_h5lav"]
radius = 0.016713854
height = 0.16713853

[sub_resource type="CapsuleShape3D" id="CapsuleShape3D_oijlj"]
radius = 0.019374508
height = 0.19374508

[sub_resource type="CapsuleShape3D" id="CapsuleShape3D_mpky2"]
radius = 0.06612295
height = 0.6612295

[sub_resource type="CapsuleShape3D" id="CapsuleShape3D_8dq86"]
radius = 0.059997816
height = 0.59997815

[sub_resource type="CapsuleShape3D" id="CapsuleShape3D_til4d"]
radius = 0.021918785
height = 0.21918784

[sub_resource type="CapsuleShape3D" id="CapsuleShape3D_gcvbg"]
radius = 0.019374508
height = 0.19374508

[sub_resource type="CapsuleShape3D" id="CapsuleShape3D_fpshv"]
radius = 0.06612295
height = 0.6612295

[sub_resource type="CapsuleShape3D" id="CapsuleShape3D_s32ll"]
radius = 0.059997816
height = 0.59997815

[sub_resource type="CapsuleShape3D" id="CapsuleShape3D_eehps"]
radius = 0.021918785
height = 0.21918784

[sub_resource type="AnimationNodeAnimation" id="AnimationNodeAnimation_v2vxy"]
animation = &"Geek Hit"

[sub_resource type="AnimationNodeBlend2" id="AnimationNodeBlend2_v2vxy"]

[sub_resource type="AnimationNodeAnimation" id="AnimationNodeAnimation_dal1k"]
animation = &"Run"

[sub_resource type="AnimationNodeBlend2" id="AnimationNodeBlend2_dy7q6"]

[sub_resource type="AnimationNodeAnimation" id="AnimationNodeAnimation_8nj2e"]
animation = &"Scared_Idle"

[sub_resource type="AnimationNodeBlend2" id="AnimationNodeBlend2_dal1k"]

[sub_resource type="AnimationNodeAnimation" id="AnimationNodeAnimation_dy7q6"]
animation = &"Walk"

[sub_resource type="AnimationNodeBlendTree" id="AnimationNodeBlendTree_v2vxy"]
nodes/output/position = Vector2(940, 80)
nodes/MoveBlend/node = SubResource("AnimationNodeBlend2_v2vxy")
nodes/MoveBlend/position = Vector2(60, 120)
nodes/Idle/node = SubResource("AnimationNodeAnimation_v2vxy")
nodes/Idle/position = Vector2(-260, 100)
nodes/Walk/node = SubResource("AnimationNodeAnimation_dy7q6")
nodes/Walk/position = Vector2(-240, 300)
nodes/ScaredBlend/node = SubResource("AnimationNodeBlend2_dal1k")
nodes/ScaredBlend/position = Vector2(440, 60)
nodes/Scared/node = SubResource("AnimationNodeAnimation_8nj2e")
nodes/Scared/position = Vector2(240, 280)
nodes/RunBlend/node = SubResource("AnimationNodeBlend2_dy7q6")
nodes/RunBlend/position = Vector2(700, 120)
nodes/Run/node = SubResource("AnimationNodeAnimation_dal1k")
nodes/Run/position = Vector2(500, 340)
node_connections = [&"output", 0, &"RunBlend", &"MoveBlend", 0, &"Idle", &"MoveBlend", 1, &"Walk", &"ScaredBlend", 0, &"MoveBlend", &"ScaredBlend", 1, &"Scared", &"RunBlend", 0, &"ScaredBlend", &"RunBlend", 1, &"Run"]

[sub_resource type="Curve" id="Curve_v2vxy"]
_data = [Vector2(0, 1), 0.0, 0.0, 0, 0, Vector2(0.6619217, 0.5615835), 0.0, 0.0, 0, 0, Vector2(1, 0), 0.0, 0.0, 0, 0]
point_count = 3

[sub_resource type="CurveTexture" id="CurveTexture_c3urb"]
curve = SubResource("Curve_v2vxy")

[sub_resource type="ParticleProcessMaterial" id="ParticleProcessMaterial_8nj2e"]
direction = Vector3(0, 1, 0)
spread = 20.0
initial_velocity_min = 0.099999994
initial_velocity_max = 1.0
gravity = Vector3(0, 1, 0)
scale_max = 2.0
scale_curve = SubResource("CurveTexture_c3urb")

[sub_resource type="StandardMaterial3D" id="StandardMaterial3D_n2gxi"]

[sub_resource type="BoxMesh" id="BoxMesh_dal1k"]
material = SubResource("StandardMaterial3D_n2gxi")
size = Vector3(0.1, 0.1, 0.1)

[node name="human" unique_id=1888585480 node_paths=PackedStringArray("phys_bone_simulator", "animation_tree") instance=ExtResource("1_tn7bf")]
script = ExtResource("2_v2vxy")
phys_bone_simulator = NodePath("Armature/Skeleton3D/PhysicalBoneSimulator3D")
animation_tree = NodePath("AnimationTree")

[node name="Skeleton3D" parent="Armature" parent_id_path=PackedInt32Array(658016336) index="0" unique_id=1925932335]
bones/0/position = Vector3(0, 1.4493444, 0)
bones/0/rotation = Quaternion(0.030447276, 0, 0, 0.9995364)
bones/1/rotation = Quaternion(-0.091984354, 0, 0, 0.99576044)
bones/3/rotation = Quaternion(-0.011910981, -0.09469597, 0.5851556, 0.80528486)
bones/4/rotation = Quaternion(-0.0018983673, -0.00011304882, 0.0025154601, 0.9999951)
bones/5/rotation = Quaternion(-0.022016006, 0.07233329, 0.029031886, 0.99671483)
bones/6/rotation = Quaternion(6.897923e-10, -1.0400274e-08, -0.0028371965, 0.99999607)
bones/7/rotation = Quaternion(-0.39843985, -0.0465434, 0.12075173, 0.90801895)
bones/8/rotation = Quaternion(0.02844741, 1.1916103e-07, -1.2161283e-08, 0.99959534)
bones/9/rotation = Quaternion(-0.079177395, -0.015041262, 0.011856171, 0.99667656)
bones/11/rotation = Quaternion(-0.22101432, 0.2667695, -0.7667568, 0.5404358)
bones/12/rotation = Quaternion(-0.5389743, 5.049631e-05, -0.71416944, 0.44661936)
bones/13/rotation = Quaternion(0.5505632, -0.63743424, 0.12640099, 0.52400434)
bones/14/rotation = Quaternion(-1.1554178e-08, 1.7268256e-08, -0.5521801, 0.83372486)
bones/15/rotation = Quaternion(0.2907123, -0.45102188, -0.5369706, 0.6509442)
bones/17/rotation = Quaternion(-0.6356318, -0.09949271, 0.055019706, 0.76357466)
bones/18/rotation = Quaternion(0.039617196, -0.0003967269, 0.15219924, 0.9875555)
bones/19/rotation = Quaternion(-0.05715385, 0.09097006, -0.62574255, 0.7725957)
bones/20/rotation = Quaternion(-0.0009457904, -3.811267e-09, -0.16418761, 0.9864287)
bones/21/rotation = Quaternion(0.5539019, 0.43953684, 0.55390203, -0.43953687)
bones/22/rotation = Quaternion(-0.58135873, 0.1398229, -0.069114216, 0.798558)
bones/23/rotation = Quaternion(0.036355242, 0.00039750343, -0.13966762, 0.9895308)
bones/24/rotation = Quaternion(-0.059560172, 0.025988352, 0.60022134, 0.7971898)
bones/25/rotation = Quaternion(-0.0009457978, 7.244707e-10, 0.16418761, 0.9864287)
bones/26/position = Vector3(-0.38241366, 0.14248396, -0.05065921)
bones/26/rotation = Quaternion(1.7356034e-07, 7.357722e-08, 0.9992909, -0.03765539)
bones/27/position = Vector3(0.18846697, 0.9999525, -0.34959155)
bones/27/rotation = Quaternion(0.32598647, -0.7867149, 0.5221612, -0.046479482)
bones/28/position = Vector3(-0.43773043, 0.52076066, 0.41480917)
bones/29/position = Vector3(0.43773043, 0.52076066, 0.41480917)
bones/29/rotation = Quaternion(-0.036714267, 0.70615304, 0.706153, -0.036714263)
bones/30/position = Vector3(-0.14217342, 0.1619202, 0.05621008)
bones/30/rotation = Quaternion(-0.59212095, -0.384981, 0.5955416, 0.38276976)
bones/31/position = Vector3(0.2925796, 0.1619202, 0.02716966)
bones/31/rotation = Quaternion(0.49678722, -0.3236584, 0.6771111, -0.43585348)
bones/32/rotation = Quaternion(0.48961437, 0.5101744, -0.51017433, -0.4896143)
bones/33/position = Vector3(0.2939411, 0.71060586, -0.5232861)

[node name="PhysicalBoneSimulator3D" type="PhysicalBoneSimulator3D" parent="Armature/Skeleton3D" index="3" unique_id=122383675]

[node name="Physical Bone Hips" type="PhysicalBone3D" parent="Armature/Skeleton3D/PhysicalBoneSimulator3D" index="0" unique_id=1906523512]
transform = Transform3D(1, 0, 0, 0, -0.19955811, -0.979886, 0, 0.979886, -0.19955811, 0, 1.5958576, 0.037284788)
collision_layer = 4
joint_type = 2
joint_offset = Transform3D(1, 0, 0, 0, 1, 0, 0, 0, 1, 0, -0.0072969478, 0.15100671)
body_offset = Transform3D(1, 0, 0, 0, -0.13954607, -0.9902156, 0, 0.9902156, -0.13954607, 0, 0.14851093, 0.028297942)
mass = 5.0
linear_damp = 3.0
angular_damp = 3.0
can_sleep = false
bone_name = "Hips"
joint_constraints/swing_span = 45.0
joint_constraints/twist_span = 180.0
joint_constraints/bias = 0.3
joint_constraints/softness = 0.8
joint_constraints/relaxation = 1.0

[node name="CollisionShape3D" type="CollisionShape3D" parent="Armature/Skeleton3D/PhysicalBoneSimulator3D/Physical Bone Hips" index="0" unique_id=719602954]
transform = Transform3D(1, 0, 0, 0, 0, 1, 0, -1, 0, 0, 0, 0)
shape = SubResource("CapsuleShape3D_v2vxy")

[node name="Physical Bone Ribs" type="PhysicalBone3D" parent="Armature/Skeleton3D/PhysicalBoneSimulator3D" index="1" unique_id=31250987]
transform = Transform3D(1, 0, 0, 0, 0.2503573, -0.96815354, 0, 0.96815354, 0.2503573, 0, 2.1099916, 0.019461697)
collision_layer = 4
joint_type = 2
joint_offset = Transform3D(1, 0, 0, 0, 1, 0, 0, 0, 1, 0, -0.05196894, 0.22736226)
body_offset = Transform3D(1, 0, 0, 0, 0.12936059, -0.9915978, 0, 0.9915978, 0.12936059, 0, 0.23217463, 0.022120565)
mass = 10.0
linear_damp = 3.0
angular_damp = 3.0
can_sleep = false
bone_name = "Ribs"
joint_constraints/swing_span = 45.0
joint_constraints/twist_span = 180.0
joint_constraints/bias = 0.3
joint_constraints/softness = 0.8
joint_constraints/relaxation = 1.0

[node name="CollisionShape3D" type="CollisionShape3D" parent="Armature/Skeleton3D/PhysicalBoneSimulator3D/Physical Bone Ribs" index="0" unique_id=2052598406]
transform = Transform3D(1, 0, 0, 0, 0, 1, 0, -1, 0, 0, 0, 0)
shape = SubResource("CapsuleShape3D_8nj2e")

[node name="Physical Bone Shoulder_R" type="PhysicalBone3D" parent="Armature/Skeleton3D/PhysicalBoneSimulator3D" index="2" unique_id=355831451]
transform = Transform3D(-0.33607605, -0.0002534785, 0.94183487, 0.9119293, 0.24990587, 0.3254721, -0.23545253, 0.9682702, -0.08375622, -0.19850098, 2.3505585, -0.043697916)
collision_layer = 4
joint_type = 2
joint_offset = Transform3D(1, 0, 0, 0, 1, 0, 0, 0, 1, 0.07344965, 0.030352462, 0.23697709)
body_offset = Transform3D(0.99257165, 0.12165565, 0.0013376689, 0.006567763, -0.042600274, -0.9990708, -0.12148562, 0.99165785, -0.04308283, -0.076913595, 0.23756754, -0.010966539)
mass = 5.0
linear_damp = 3.0
angular_damp = 3.0
can_sleep = false
bone_name = "Shoulder.R"
joint_constraints/swing_span = 45.0
joint_constraints/twist_span = 180.0
joint_constraints/bias = 0.3
joint_constraints/softness = 0.8
joint_constraints/relaxation = 1.0

[node name="CollisionShape3D" type="CollisionShape3D" parent="Armature/Skeleton3D/PhysicalBoneSimulator3D/Physical Bone Shoulder_R" index="0" unique_id=594943416]
transform = Transform3D(1, 0, 0, 0, 0, 1, 0, -1, 0, 0, 0, 0)
shape = SubResource("CapsuleShape3D_dal1k")

[node name="Physical Bone Tricep_R" type="PhysicalBone3D" parent="Armature/Skeleton3D/PhysicalBoneSimulator3D" index="3" unique_id=1963828378]
transform = Transform3D(-0.79157156, 0.5953675, -0.13766669, -0.20425428, -0.04545572, 0.977862, 0.57592946, 0.80216664, 0.15758783, -0.3551584, 2.0895026, -0.08158015)
collision_layer = 4
joint_type = 3
joint_offset = Transform3D(1, 0, 0, 0, 1, 0, 0, 0, 1, 0.003743831, 0.0010350198, 0.2812283)
body_offset = Transform3D(0.8683994, -0.4749093, 0.14263248, 0.18791209, 0.048989374, -0.9809635, 0.45888114, 0.8786704, 0.13178353, -0.042871892, 0.2751205, -0.039688677)
mass = 5.0
linear_damp = 3.0
angular_damp = 3.0
can_sleep = false
bone_name = "Tricep.R"
joint_constraints/angular_limit_enabled = false
joint_constraints/angular_limit_upper = 90.0
joint_constraints/angular_limit_lower = -90.0
joint_constraints/angular_limit_bias = 0.3
joint_constraints/angular_limit_softness = 0.9
joint_constraints/angular_limit_relaxation = 1.0

[node name="CollisionShape3D" type="CollisionShape3D" parent="Armature/Skeleton3D/PhysicalBoneSimulator3D/Physical Bone Tricep_R" index="0" unique_id=1424668553]
transform = Transform3D(1, 0, 0, 0, 0, 1, 0, -1, 0, 0, 0, 0)
shape = SubResource("CapsuleShape3D_dy7q6")

[node name="Physical Bone Bicep_R" type="PhysicalBone3D" parent="Armature/Skeleton3D/PhysicalBoneSimulator3D" index="4" unique_id=573261970]
transform = Transform3D(-0.8056375, 0.59193736, -0.02363404, -0.08013739, -0.069366746, 0.9943673, 0.58696365, 0.8029935, 0.103320755, -0.33511636, 1.7075474, -0.11992657)
collision_layer = 4
joint_type = 3
joint_offset = Transform3D(1, 0, 0, 0, 1, 0, 0, 0, 1, 0.07236844, 0.01627396, 0.26397902)
body_offset = Transform3D(0.88226944, -0.4704441, 0.016820833, 0.05730602, 0.07186773, -0.9957665, 0.46724367, 0.8794984, 0.090365976, -0.060632825, 0.25754476, -0.07198134)
mass = 5.0
linear_damp = 3.0
angular_damp = 3.0
can_sleep = false
bone_name = "Bicep.R"
joint_constraints/angular_limit_enabled = false
joint_constraints/angular_limit_upper = 90.0
joint_constraints/angular_limit_lower = -90.0
joint_constraints/angular_limit_bias = 0.3
joint_constraints/angular_limit_softness = 0.9
joint_constraints/angular_limit_relaxation = 1.0

[node name="CollisionShape3D" type="CollisionShape3D" parent="Armature/Skeleton3D/PhysicalBoneSimulator3D/Physical Bone Bicep_R" index="0" unique_id=475129583]
transform = Transform3D(1, 0, 0, 0, 0, 1, 0, -1, 0, 0, 0, 0)
shape = SubResource("CapsuleShape3D_00vrq")

[node name="Physical Bone Hand_1_R" type="PhysicalBone3D" parent="Armature/Skeleton3D/PhysicalBoneSimulator3D" index="5" unique_id=890839266]
transform = Transform3D(-0.9521202, 0.0011936682, -0.30572185, -0.2998724, -0.19836278, 0.93312854, -0.05952999, 0.980128, 0.18922316, -0.27370483, 1.4683721, -0.13893384)
collision_layer = 4
joint_type = 3
joint_offset = Transform3D(1, 0, 0, 0, 1, 0, 0, 0, 1, 0.06003581, 0.070421755, 0.16979332)
body_offset = Transform3D(0.9720751, 0.009169792, 0.23449071, 0.23097321, 0.13927758, -0.9629399, -0.041489325, 0.9902112, 0.13327031, -0.09882003, 0.13982594, -0.089869976)
mass = 5.0
linear_damp = 3.0
angular_damp = 3.0
can_sleep = false
bone_name = "Hand.1.R"
joint_constraints/angular_limit_enabled = false
joint_constraints/angular_limit_upper = 90.0
joint_constraints/angular_limit_lower = -90.0
joint_constraints/angular_limit_bias = 0.3
joint_constraints/angular_limit_softness = 0.9
joint_constraints/angular_limit_relaxation = 1.0

[node name="CollisionShape3D" type="CollisionShape3D" parent="Armature/Skeleton3D/PhysicalBoneSimulator3D/Physical Bone Hand_1_R" index="0" unique_id=212694093]
transform = Transform3D(1, 0, 0, 0, 0, 1, 0, -1, 0, 0, 0, 0)
shape = SubResource("CapsuleShape3D_dlae8")

[node name="Physical Bone Neck" type="PhysicalBone3D" parent="Armature/Skeleton3D/PhysicalBoneSimulator3D" index="6" unique_id=31011275]
transform = Transform3D(1, 2.4500008e-07, -3.0606934e-08, -1.032561e-07, 0.30237502, -0.9531891, -2.2427662e-07, 0.9531891, 0.30237502, 2.9279956e-10, 2.5077667, -0.08904609)
collision_layer = 4
joint_type = 2
joint_offset = Transform3D(1, 0, 0, 0, 1, 0, 0, 0, 1, -8.1553395e-09, 0.034168575, 0.016622491)
body_offset = Transform3D(1, 6.903889e-09, -5.7049228e-08, -5.704993e-08, 0.23844141, -0.971157, 6.8981194e-09, 0.97115695, 0.23844141, 8.867744e-09, 0.007995844, -0.03714654)
mass = 5.0
linear_damp = 3.0
angular_damp = 3.0
can_sleep = false
bone_name = "Neck"
joint_constraints/swing_span = 45.0
joint_constraints/twist_span = 180.0
joint_constraints/bias = 0.3
joint_constraints/softness = 0.8
joint_constraints/relaxation = 1.0

[node name="CollisionShape3D" type="CollisionShape3D" parent="Armature/Skeleton3D/PhysicalBoneSimulator3D/Physical Bone Neck" index="0" unique_id=1690606752]
transform = Transform3D(1, -3.748113e-13, 3.2969183e-12, 0, 1.4901161e-08, 0.9999996, 0, -0.9999996, 1.4901161e-08, -7.1054274e-15, 2.9802322e-08, -0.1943171)
shape = SubResource("CapsuleShape3D_e4nfs")

[node name="Physical Bone Shoulder_L" type="PhysicalBone3D" parent="Armature/Skeleton3D/PhysicalBoneSimulator3D" index="7" unique_id=587262156]
transform = Transform3D(-0.33607605, 0.0002534785, -0.94183487, -0.9119293, 0.24990587, 0.3254721, 0.23545253, 0.9682702, -0.08375622, 0.19850098, 2.3505585, -0.043697916)
collision_layer = 4
joint_type = 2
joint_offset = Transform3D(1, 0, 0, 0, 1, 0, 0, 0, 1, -0.07344965, 0.030352462, 0.23697709)
body_offset = Transform3D(0.99257165, -0.12165565, -0.0013376689, -0.006567763, -0.042600274, -0.9990708, 0.12148562, 0.99165785, -0.04308283, 0.076913595, 0.23756754, -0.010966539)
mass = 5.0
linear_damp = 3.0
angular_damp = 3.0
can_sleep = false
bone_name = "Shoulder.L"
joint_constraints/swing_span = 45.0
joint_constraints/twist_span = 180.0
joint_constraints/bias = 0.3
joint_constraints/softness = 0.8
joint_constraints/relaxation = 1.0

[node name="CollisionShape3D" type="CollisionShape3D" parent="Armature/Skeleton3D/PhysicalBoneSimulator3D/Physical Bone Shoulder_L" index="0" unique_id=1109488395]
transform = Transform3D(1, 0, 0, 0, 0, 1, 0, -1, 0, 0, 0, 0)
shape = SubResource("CapsuleShape3D_omuhh")

[node name="Physical Bone Tricep_L" type="PhysicalBone3D" parent="Armature/Skeleton3D/PhysicalBoneSimulator3D" index="8" unique_id=383402823]
transform = Transform3D(-0.667404, -0.6227933, 0.4082896, 0.5978588, -0.121214, 0.7923838, -0.4440009, 0.7729396, 0.45324117, 0.270822, 2.160567, -0.17636442)
collision_layer = 4
joint_type = 3
joint_offset = Transform3D(1, 0, 0, 0, 1, 0, 0, 0, 1, -0.025338953, 0.0071064252, 0.2765537)
body_offset = Transform3D(0.90505713, 0.3958744, 0.15542017, 0.19221482, -0.05476737, -0.9798236, -0.37937504, 0.91667026, -0.12566051, -0.022862077, 0.27623355, 0.018624663)
mass = 5.0
linear_damp = 3.0
angular_damp = 3.0
can_sleep = false
bone_name = "Tricep.L"
joint_constraints/angular_limit_enabled = false
joint_constraints/angular_limit_upper = 90.0
joint_constraints/angular_limit_lower = -90.0
joint_constraints/angular_limit_bias = 0.3
joint_constraints/angular_limit_softness = 0.9
joint_constraints/angular_limit_relaxation = 1.0

[node name="CollisionShape3D" type="CollisionShape3D" parent="Armature/Skeleton3D/PhysicalBoneSimulator3D/Physical Bone Tricep_L" index="0" unique_id=1827765168]
transform = Transform3D(1, 0, 0, 0, 0, 1, 0, -1, 0, 0, 0, 0)
shape = SubResource("CapsuleShape3D_yqyac")

[node name="Physical Bone Bicep_L" type="PhysicalBone3D" parent="Armature/Skeleton3D/PhysicalBoneSimulator3D" index="9" unique_id=31229898]
transform = Transform3D(0.3292327, -0.88162875, -0.33813697, -0.1593092, 0.30110523, -0.9401895, 0.93071294, 0.36340943, -0.041317873, 0.21599337, 2.2809298, -0.3056792)
collision_layer = 4
joint_type = 3
joint_offset = Transform3D(1, 0, 0, 0, 1, 0, 0, 0, 1, 0.062153343, -0.023018472, 0.17311311)
body_offset = Transform3D(0.9320449, 0.34132946, -0.12159983, -0.23060675, 0.29992902, -0.9256691, -0.27948684, 0.890807, 0.35826027, -0.029022306, 0.18148232, -0.024143487)
mass = 5.0
linear_damp = 3.0
angular_damp = 3.0
can_sleep = false
bone_name = "Bicep.L"
joint_constraints/angular_limit_enabled = false
joint_constraints/angular_limit_upper = 90.0
joint_constraints/angular_limit_lower = -90.0
joint_constraints/angular_limit_bias = 0.3
joint_constraints/angular_limit_softness = 0.9
joint_constraints/angular_limit_relaxation = 1.0

[node name="CollisionShape3D" type="CollisionShape3D" parent="Armature/Skeleton3D/PhysicalBoneSimulator3D/Physical Bone Bicep_L" index="0" unique_id=246292318]
transform = Transform3D(1, 0, 0, 0, 0, 1, 0, -1, 0, 0, 0, 0)
shape = SubResource("CapsuleShape3D_ve2uh")

[node name="Physical Bone Hand_1_L" type="PhysicalBone3D" parent="Armature/Skeleton3D/PhysicalBoneSimulator3D" index="10" unique_id=2072141241]
transform = Transform3D(-0.7704893, 0.17520064, 0.61290383, -0.60333073, -0.51078755, -0.61244446, 0.20576301, -0.8416655, 0.49926022, 0.11032674, 2.5813754, -0.27070528)
collision_layer = 4
joint_type = 3
joint_offset = Transform3D(1, 0, 0, 0, 1, 0, 0, 0, 1, 0.0044120564, 0.0858712, 0.10795901)
body_offset = Transform3D(0.9992046, -0.038433224, -0.010655165, 0.00875181, 0.4719422, -0.88158613, 0.038910784, 0.88079137, 0.4719032, 4.208088e-05, 0.054610312, -0.1267525)
mass = 5.0
linear_damp = 3.0
angular_damp = 3.0
can_sleep = false
bone_name = "Hand.1.L"
joint_constraints/angular_limit_enabled = false
joint_constraints/angular_limit_upper = 90.0
joint_constraints/angular_limit_lower = -90.0
joint_constraints/angular_limit_bias = 0.3
joint_constraints/angular_limit_softness = 0.9
joint_constraints/angular_limit_relaxation = 1.0

[node name="CollisionShape3D" type="CollisionShape3D" parent="Armature/Skeleton3D/PhysicalBoneSimulator3D/Physical Bone Hand_1_L" index="0" unique_id=1639834651]
transform = Transform3D(1, 0, 0, 0, 0, 1, 0, -1, 0, 0, 0, 0)
shape = SubResource("CapsuleShape3D_h5lav")

[node name="geekbar" parent="Armature/Skeleton3D/PhysicalBoneSimulator3D/Physical Bone Hand_1_L" index="1" unique_id=1384512448 instance=ExtResource("2_hfnoj")]
transform = Transform3D(-0.29915255, -0.003824235, 0.02220522, 0.00093832123, -0.29750538, -0.03859587, 0.022512585, -0.038417406, 0.29667708, 0.055675566, 0.11484355, -0.025343776)

[node name="Physical Bone Hips_2_R" type="PhysicalBone3D" parent="Armature/Skeleton3D/PhysicalBoneSimulator3D" index="11" unique_id=320994316]
transform = Transform3D(-1.7900018e-06, -0.22722538, 0.9738422, 0.19949807, 0.9542662, 0.22265808, -0.9798982, 0.19428004, 0.045329314, -0.09439076, 1.3558352, -0.011405004)
collision_layer = 4
joint_type = 2
joint_offset = Transform3D(1, 0, 0, 0, 1, 0, 0, 0, 1, 0.0074789864, 0.07000042, 0.11325926)
body_offset = Transform3D(0.99022424, -0.13583693, -0.031693142, -0.031693652, 0.0021590148, -0.99949527, 0.13583681, 0.9907288, -0.0021673213, 0.0056923106, 0.113288, -0.070121884)
mass = 5.0
linear_damp = 3.0
angular_damp = 3.0
can_sleep = false
bone_name = "Hips.2.R"
joint_constraints/swing_span = 45.0
joint_constraints/twist_span = 180.0
joint_constraints/bias = 0.3
joint_constraints/softness = 0.8
joint_constraints/relaxation = 1.0

[node name="CollisionShape3D" type="CollisionShape3D" parent="Armature/Skeleton3D/PhysicalBoneSimulator3D/Physical Bone Hips_2_R" index="0" unique_id=1898183871]
transform = Transform3D(1, 0, 0, 0, 0, 1, 0, -1, 0, 0, 0, 0)
shape = SubResource("CapsuleShape3D_oijlj")

[node name="Physical Bone Thigh_R" type="PhysicalBone3D" parent="Armature/Skeleton3D/PhysicalBoneSimulator3D" index="12" unique_id=1185385575]
transform = Transform3D(-0.7358426, -0.6544252, 0.17396373, 0.3487618, -0.14605962, 0.92576015, -0.5804317, 0.7418856, 0.3357154, -0.25102338, 1.0286032, -0.12930453)
collision_layer = 4
joint_type = 3
joint_offset = Transform3D(1, 0, 0, 0, 1, 0, 0, 0, 1, 0.012038577, -0.0018948391, 0.40218082)
body_offset = Transform3D(0.75962853, -0.5868994, -0.28020248, -0.31765768, 0.041127354, -0.94731313, 0.5675016, 0.80861473, -0.15519157, 0.10243513, 0.38489318, 0.057115354)
mass = 5.0
linear_damp = 3.0
angular_damp = 3.0
can_sleep = false
bone_name = "Thigh.R"
joint_constraints/angular_limit_enabled = false
joint_constraints/angular_limit_upper = 90.0
joint_constraints/angular_limit_lower = -90.0
joint_constraints/angular_limit_bias = 0.3
joint_constraints/angular_limit_softness = 0.9
joint_constraints/angular_limit_relaxation = 1.0

[node name="CollisionShape3D" type="CollisionShape3D" parent="Armature/Skeleton3D/PhysicalBoneSimulator3D/Physical Bone Thigh_R" index="0" unique_id=547367391]
transform = Transform3D(1, 0, 0, 0, 0, 1, 0, -1, 0, 0, 0, 0)
shape = SubResource("CapsuleShape3D_mpky2")

[node name="Physical Bone Calf_R" type="PhysicalBone3D" parent="Armature/Skeleton3D/PhysicalBoneSimulator3D" index="13" unique_id=470566835]
transform = Transform3D(-0.7288999, -0.66242, -0.17293009, -0.50831074, 0.35443136, 0.7848559, -0.45861235, 0.6599835, -0.59506005, -0.25183997, 0.4151002, -0.03600606)
collision_layer = 4
joint_type = 3
joint_offset = Transform3D(1, 0, 0, 0, 1, 0, 0, 0, 1, -0.21966775, 0.034825787, 0.26652375)
body_offset = Transform3D(0.70072436, -0.56351006, 0.4375404, 0.37730426, -0.22779672, -0.89763576, 0.6054973, 0.7940813, 0.05299209, 0.056936305, 0.330056, 0.091230065)
mass = 5.0
linear_damp = 3.0
angular_damp = 3.0
can_sleep = false
bone_name = "Calf.R"
joint_constraints/angular_limit_enabled = false
joint_constraints/angular_limit_upper = 90.0
joint_constraints/angular_limit_lower = -90.0
joint_constraints/angular_limit_bias = 0.3
joint_constraints/angular_limit_softness = 0.9
joint_constraints/angular_limit_relaxation = 1.0

[node name="CollisionShape3D" type="CollisionShape3D" parent="Armature/Skeleton3D/PhysicalBoneSimulator3D/Physical Bone Calf_R" index="0" unique_id=1900314496]
transform = Transform3D(1, 0, 0, 0, 0, 1, 0, -1, 0, 0, 0, 0)
shape = SubResource("CapsuleShape3D_8dq86")

[node name="Physical Bone Foot_1_R" type="PhysicalBone3D" parent="Armature/Skeleton3D/PhysicalBoneSimulator3D" index="14" unique_id=84518317]
transform = Transform3D(0.049147293, -0.9911922, -0.122973666, 0.9110281, -0.0059802625, 0.41230094, -0.4094049, -0.13229594, 0.9027101, -0.22111541, 0.11669366, 0.015890166)
collision_layer = 4
joint_type = 3
joint_offset = Transform3D(1, 0, 0, 0, 1, 0, 0, 0, 1, 0.028978955, -0.0837236, 0.04483996)
body_offset = Transform3D(0.9984938, 0.054673582, 0.0046011806, -0.0021579266, 0.12292602, -0.9924136, -0.05482442, 0.9909088, 0.12285892, -0.024564154, 0.054854125, 0.07904221)
mass = 5.0
linear_damp = 3.0
angular_damp = 3.0
can_sleep = false
bone_name = "Foot.1.R"
joint_constraints/angular_limit_enabled = false
joint_constraints/angular_limit_upper = 90.0
joint_constraints/angular_limit_lower = -90.0
joint_constraints/angular_limit_bias = 0.3
joint_constraints/angular_limit_softness = 0.9
joint_constraints/angular_limit_relaxation = 1.0

[node name="CollisionShape3D" type="CollisionShape3D" parent="Armature/Skeleton3D/PhysicalBoneSimulator3D/Physical Bone Foot_1_R" index="0" unique_id=691691538]
transform = Transform3D(1, 0, 0, 0, 0, 1, 0, -1, 0, 0, 0, 0)
shape = SubResource("CapsuleShape3D_til4d")

[node name="Physical Bone Hips_2_L" type="PhysicalBone3D" parent="Armature/Skeleton3D/PhysicalBoneSimulator3D" index="15" unique_id=1835199628]
transform = Transform3D(1.9093977e-05, 0.22719577, -0.9738492, -0.19949755, 0.954274, 0.22262506, 0.97989833, 0.19427627, 0.04534322, 0.09433934, 1.3568406, -0.011019604)
collision_layer = 4
joint_type = 2
joint_offset = Transform3D(1, 0, 0, 0, 1, 0, 0, 0, 1, -0.007657974, 0.06898124, 0.112965584)
body_offset = Transform3D(0.990224, 0.13583282, 0.031708833, 0.031713862, 0.0021285233, -0.9994947, -0.13583156, 0.9907294, -0.0022001325, -0.005368814, 0.113004535, -0.0691334)
mass = 5.0
linear_damp = 3.0
angular_damp = 3.0
can_sleep = false
bone_name = "Hips.2.L"
joint_constraints/swing_span = 45.0
joint_constraints/twist_span = 180.0
joint_constraints/bias = 0.3
joint_constraints/softness = 0.8
joint_constraints/relaxation = 1.0

[node name="CollisionShape3D" type="CollisionShape3D" parent="Armature/Skeleton3D/PhysicalBoneSimulator3D/Physical Bone Hips_2_L" index="0" unique_id=1577529742]
transform = Transform3D(1, 0, 0, 0, 0, 1, 0, -1, 0, 0, 0, 0)
shape = SubResource("CapsuleShape3D_gcvbg")

[node name="Physical Bone Thigh_L" type="PhysicalBone3D" parent="Armature/Skeleton3D/PhysicalBoneSimulator3D" index="16" unique_id=355055943]
transform = Transform3D(-0.90184504, 0.2079909, -0.37870222, -0.37272564, 0.068782166, 0.925389, 0.21852045, 0.9757094, 0.015492685, 0.33289725, 1.0318627, -0.01777554)
collision_layer = 4
joint_type = 3
joint_offset = Transform3D(1, 0, 0, 0, 1, 0, 0, 0, 1, -0.005864322, 0.010425549, 0.400519)
body_offset = Transform3D(0.52579725, 0.85060537, 0.0027235234, 0.26222172, -0.15904346, -0.9518114, -0.8091828, 0.5011743, -0.3066719, -0.006875396, 0.38441437, 0.11285758)
mass = 5.0
linear_damp = 3.0
angular_damp = 3.0
can_sleep = false
bone_name = "Thigh.L"
joint_constraints/angular_limit_enabled = false
joint_constraints/angular_limit_upper = 90.0
joint_constraints/angular_limit_lower = -90.0
joint_constraints/angular_limit_bias = 0.3
joint_constraints/angular_limit_softness = 0.9
joint_constraints/angular_limit_relaxation = 1.0

[node name="CollisionShape3D" type="CollisionShape3D" parent="Armature/Skeleton3D/PhysicalBoneSimulator3D/Physical Bone Thigh_L" index="0" unique_id=1194485989]
transform = Transform3D(1, 0, 0, 0, 0, 1, 0, -1, 0, 0, 0, 0)
shape = SubResource("CapsuleShape3D_fpshv")

[node name="Physical Bone Calf_L" type="PhysicalBone3D" parent="Armature/Skeleton3D/PhysicalBoneSimulator3D" index="17" unique_id=1383217758]
transform = Transform3D(-0.97299135, 0.18472439, 0.13843727, 0.21815771, 0.53976977, 0.81305337, 0.07546654, 0.8212951, -0.5654903, 0.41151237, 0.48936203, 0.16251683)
collision_layer = 4
joint_type = 3
joint_offset = Transform3D(1, 0, 0, 0, 1, 0, 0, 0, 1, 0.19736142, -0.085603, 0.32583508)
body_offset = Transform3D(0.41534144, 0.78634197, -0.45733744, -0.27188316, -0.37246376, -0.8873277, -0.8680848, 0.49288645, 0.059093505, 0.13435745, 0.31089774, 0.1942643)
mass = 5.0
linear_damp = 3.0
angular_damp = 3.0
can_sleep = false
bone_name = "Calf.L"
joint_constraints/angular_limit_enabled = false
joint_constraints/angular_limit_upper = 90.0
joint_constraints/angular_limit_lower = -90.0
joint_constraints/angular_limit_bias = 0.3
joint_constraints/angular_limit_softness = 0.9
joint_constraints/angular_limit_relaxation = 1.0

[node name="CollisionShape3D" type="CollisionShape3D" parent="Armature/Skeleton3D/PhysicalBoneSimulator3D/Physical Bone Calf_L" index="0" unique_id=1078585442]
transform = Transform3D(1, 0, 0, 0, 0, 1, 0, -1, 0, 0, 0, 0)
shape = SubResource("CapsuleShape3D_s32ll")

[node name="Physical Bone Foot_1_L" type="PhysicalBone3D" parent="Armature/Skeleton3D/PhysicalBoneSimulator3D" index="18" unique_id=1906222067]
transform = Transform3D(-0.40904808, 0.099125944, -0.90711284, -0.9116933, -0.0022722175, 0.41086522, 0.03866625, 0.9950723, 0.0913019, 0.46658248, 0.1179969, 0.3445254)
collision_layer = 4
joint_type = 3
joint_offset = Transform3D(1, 0, 0, 0, 1, 0, 0, 0, 1, 0.018782057, -0.3322629, 0.14711586)
body_offset = Transform3D(0.89735883, 0.38055947, -0.22343083, 0.23273194, -0.83827555, -0.4930821, -0.37494373, 0.39047232, -0.84080255, 0.14246178, -0.21035884, 0.26047707)
mass = 5.0
linear_damp = 3.0
angular_damp = 3.0
can_sleep = false
bone_name = "Foot.1.L"
joint_constraints/angular_limit_enabled = false
joint_constraints/angular_limit_upper = 90.0
joint_constraints/angular_limit_lower = -90.0
joint_constraints/angular_limit_bias = 0.3
joint_constraints/angular_limit_softness = 0.9
joint_constraints/angular_limit_relaxation = 1.0

[node name="CollisionShape3D" type="CollisionShape3D" parent="Armature/Skeleton3D/PhysicalBoneSimulator3D/Physical Bone Foot_1_L" index="0" unique_id=1611348981]
transform = Transform3D(1, 0, 0, 0, 0, 1, 0, -1, 0, 0, 0, 0)
shape = SubResource("CapsuleShape3D_eehps")

[node name="AnimationTree" type="AnimationTree" parent="." index="2" unique_id=1582869694]
tree_root = SubResource("AnimationNodeBlendTree_v2vxy")
anim_player = NodePath("../AnimationPlayer")
parameters/MoveBlend/blend_amount = 0.0
parameters/ScaredBlend/blend_amount = 0.0
parameters/RunBlend/blend_amount = 0.0

[node name="SmokeParticles" type="GPUParticles3D" parent="." index="3" unique_id=759927837]
transform = Transform3D(1, 0, 0, 0, 1, 0, 0, 0, 1, 0, 2.697866, -0.3581723)
emitting = false
amount = 32
explosiveness = 0.2
process_material = SubResource("ParticleProcessMaterial_8nj2e")
draw_pass_1 = SubResource("BoxMesh_dal1k")
