[gd_scene format=3 uid="uid://ca4wfwrj3dfxq"]

[ext_resource type="Material" uid="uid://bn2m7xcvtc6ia" path="res://materials/environment/Tiled Grass.tres" id="1_gb2ab"]
[ext_resource type="PackedScene" uid="uid://bw17kijm22g0j" path="res://scenes/player.tscn" id="2_6lfne"]
[ext_resource type="PackedScene" uid="uid://bc5efg64uwy13" path="res://scenes/environment/buildings/long_1.tscn" id="3_ptuds"]
[ext_resource type="PackedScene" uid="uid://l6hf04k0x2bd" path="res://scenes/environment/props/geekbar.tscn" id="4_qwvn6"]

[sub_resource type="ProceduralSkyMaterial" id="ProceduralSkyMaterial_gb2ab"]
sky_horizon_color = Color(0.66224277, 0.6717428, 0.6867428, 1)
ground_horizon_color = Color(0.66224277, 0.6717428, 0.6867428, 1)

[sub_resource type="Sky" id="Sky_6lfne"]
sky_material = SubResource("ProceduralSkyMaterial_gb2ab")

[sub_resource type="Environment" id="Environment_ptuds"]
background_mode = 2
sky = SubResource("Sky_6lfne")
tonemap_mode = 2
glow_enabled = true

[sub_resource type="PlaneMesh" id="PlaneMesh_cus8i"]

[node name="Node3D" type="Node3D" unique_id=1227853509]

[node name="WorldEnvironment" type="WorldEnvironment" parent="." unique_id=1591435458]
environment = SubResource("Environment_ptuds")

[node name="DirectionalLight3D" type="DirectionalLight3D" parent="." unique_id=1605493585]
transform = Transform3D(-0.8660254, -0.43301278, 0.25, 0, 0.49999997, 0.86602545, -0.50000006, 0.75, -0.43301266, 0, 0, 0)
shadow_enabled = true

[node name="Grass Floor" type="MeshInstance3D" parent="." unique_id=1005493252]
transform = Transform3D(35.700005, -2.3501343e-09, 0, -3.1177478e-09, 35.7, 0, 0, -1.8626451e-09, 35.700005, -0.031386636, -5.6720233e-05, 0.0028880043)
material_override = ExtResource("1_gb2ab")
mesh = SubResource("PlaneMesh_cus8i")

[node name="Player" parent="." unique_id=589952143 instance=ExtResource("2_6lfne")]
transform = Transform3D(1, 0, 0, 0, 1, 0, 0, 0, 1, 0.007124126, 0, 0.7134385)

[node name="Skeleton3D" parent="Player/Armature" parent_id_path=PackedInt32Array(589952143, 527576317) index="0" unique_id=1225200529]
bones/0/position = Vector3(1.0335746e-07, 0.88994145, -0.5974563)
bones/0/rotation = Quaternion(0.74258226, 0.0033713616, -0.007944746, 0.66969925)
bones/1/rotation = Quaternion(-0.23579553, 8.9827955e-07, 1.7983882e-07, 0.9718027)
bones/2/rotation = Quaternion(-0.3150931, -0.004545453, 0.012041776, 0.9489735)
bones/3/rotation = Quaternion(0.33444223, 0.0065953285, -0.026595762, 0.94201785)
bones/5/rotation = Quaternion(0.05782668, -0.15738074, 0.47633418, 0.8631299)
bones/6/rotation = Quaternion(-0.0029533799, 0.0006181746, 8.2856386e-05, 0.99999547)
bones/7/rotation = Quaternion(-0.49719346, 0.013829511, -0.008695697, 0.86748594)
bones/9/rotation = Quaternion(0.06312365, 0.15520193, -0.4655978, 0.8689916)
bones/10/rotation = Quaternion(-0.0026959183, 9.0754664e-05, 1.1106574e-05, 0.9999964)
bones/11/rotation = Quaternion(-0.5006485, 0.008859534, -0.0025898328, 0.8656014)
bones/13/rotation = Quaternion(0.4898227, 0.5606968, 0.51819915, 0.42090678)
bones/14/rotation = Quaternion(0.43371403, 0.00041617287, -0.004678995, 0.9010383)
bones/15/rotation = Quaternion(-0.7828998, 0.004197334, 0.0065374663, 0.6220993)
bones/17/rotation = Quaternion(-0.49797964, 0.55873203, 0.5173682, -0.4149276)
bones/18/rotation = Quaternion(0.4251981, 0.00022198925, -0.0024306362, 0.905097)
bones/19/rotation = Quaternion(-0.78067625, 0.00602235, 0.0020420132, 0.6249034)
bones/24/position = Vector3(0.013594369, 1.3422807, 0.5341142)
bones/24/rotation = Quaternion(0.58047014, 0.011188213, -0.020307401, 0.81395143)

[node name="PhysicalBoneSimulator3D" parent="Player/Armature/Skeleton3D" index="5" unique_id=699672348]
visible = false

[node name="Physical Bone Hips" parent="Player/Armature/Skeleton3D/PhysicalBoneSimulator3D" index="0" unique_id=194911851]
transform = Transform3D(0.99985105, -0.0072861477, -0.015647212, -0.005635339, -0.9946584, 0.103068076, -0.016314598, -0.10296455, -0.99455124, 0.0036454927, 0.86550033, -0.3656759)
joint_offset = Transform3D(1, 0, 0, 0, 1, 0, 0, 0, 1, -1.1752496e-06, -0.00041883916, 0.23309362)
body_offset = Transform3D(1, -1.1528609e-06, 3.7066638e-07, 3.7439167e-07, -8.5383654e-05, -1, 1.1522789e-06, 1.0000031, -8.5413456e-05, 1.0883668e-06, 0.23309357, 0.0004387498)

[node name="Physical Bone Chest" parent="Player/Armature/Skeleton3D/PhysicalBoneSimulator3D" index="1" unique_id=237945398]
transform = Transform3D(0.99985105, 0.000701009, -0.017245773, -0.0056319805, -0.9312349, -0.36437604, -0.016315296, 0.36441886, -0.9310922, 0.011662843, 0.93477744, 0.102104545)
joint_offset = Transform3D(1, 0, 0, 0, 1, 0, 0, 0, 1, 4.7445988e-06, -0.00022321241, 0.25493842)
body_offset = Transform3D(1, 5.2247196e-07, -3.958121e-07, -3.9394945e-07, 6.1154366e-05, -1.0000007, -5.2526593e-07, 1.0000024, 6.3568354e-05, -4.6435744e-06, 0.2549386, 0.00020700693)

[node name="Physical Bone Neck" parent="Player/Armature/Skeleton3D/PhysicalBoneSimulator3D" index="2" unique_id=1323615104]
transform = Transform3D(0.999964, -0.00533996, 0.0065906, 0.002771849, -0.5286093, -0.84886074, 0.008016734, 0.8488485, -0.5285754, 0.014784623, 1.1854992, 0.43666434)
joint_offset = Transform3D(1, 0, 0, 0, 1, 0, 0, 0, 1, 2.7373864e-05, -4.545249e-05, 0.18633513)
body_offset = Transform3D(1.0000001, -4.92204e-07, -3.8230792e-07, -3.2316893e-07, -0.00027433038, -1.0000024, 4.6472996e-07, 1.0000006, -0.0002720356, -2.7302653e-05, 0.18633556, 9.614229e-05)

[node name="Physical Bone Shoulder_L" parent="Player/Armature/Skeleton3D/PhysicalBoneSimulator3D" index="3" unique_id=1664289693]
transform = Transform3D(0.52339035, 0.3150308, -0.79171854, 0.7832077, 0.18812001, 0.5926184, 0.33563113, -0.93025076, -0.14827436, 0.11195937, 0.9570171, 0.35653067)
joint_offset = Transform3D(1, 0, 0, 0, 1, 0, 0, 0, 1, -0.001291904, 0.0001274132, 0.120349646)
body_offset = Transform3D(1.0000017, 0.00090679526, 1.5180558e-05, 1.1883676e-05, 0.000571996, -1.000001, -0.0009063482, 0.9999996, 0.0005723834, 0.0012899637, 0.120349705, -0.00019747019)

[node name="Physical Bone Front_Legs_1_L" parent="Player/Armature/Skeleton3D/PhysicalBoneSimulator3D" index="4" unique_id=2015022700]
transform = Transform3D(0.99947774, -0.01481433, 0.028717928, -0.026083779, 0.15471967, 0.98761404, -0.019074067, -0.9878473, 0.15425245, 0.20004696, 0.71636975, 0.34682238)
joint_offset = Transform3D(1, 0, 0, 0, 1, 0, 0, 0, 1, 0.00018566701, -0.00012697431, 0.17163071)
body_offset = Transform3D(1.0000002, -3.0865893e-05, 0.00011363416, 0.00011374778, 0.00078983605, -1.0000029, 3.0675903e-05, 0.99999994, 0.0007901341, -0.00020517409, 0.17163128, -8.6426735e-06)

[node name="Physical Bone Front_Legs_2_L" parent="Player/Armature/Skeleton3D/PhysicalBoneSimulator3D" index="5" unique_id=1931106188]
transform = Transform3D(0.9994945, -0.013693197, 0.028694613, -0.026326232, 0.14961222, 0.9883942, -0.017827341, -0.98865, 0.14917609, 0.1899941, 0.3545053, 0.2912352)
joint_offset = Transform3D(1, 0, 0, 0, 1, 0, 0, 0, 1, -0.00023756632, 5.8566027e-05, 0.19679533)
body_offset = Transform3D(1.0000002, 1.7806888e-06, -2.7408823e-06, -2.6468188e-06, 1.8969178e-05, -1.0000031, -1.8775463e-06, 1.0000004, 1.9207597e-05, 0.00023810565, 0.19679594, -6.234646e-05)

[node name="Physical Bone Shoulder_R" parent="Player/Armature/Skeleton3D/PhysicalBoneSimulator3D" index="6" unique_id=1116465958]
transform = Transform3D(0.50209635, -0.3427533, 0.7939896, -0.7898148, 0.19223571, 0.5824415, -0.3522669, -0.9195465, -0.17419076, -0.080030166, 0.95876753, 0.35913062)
joint_offset = Transform3D(1, 0, 0, 0, 1, 0, 0, 0, 1, 0.0014651308, -0.00043679995, 0.11988202)
body_offset = Transform3D(1.0000002, -0.0010555685, 0.001447551, 0.0014504716, 7.335842e-05, -0.9999997, 0.0010550022, 0.9999995, 7.5250864e-05, -0.0016391277, 0.1198799, 0.00042623281)

[node name="Physical Bone Front_Legs_1_R" parent="Player/Armature/Skeleton3D/PhysicalBoneSimulator3D" index="7" unique_id=957199531]
transform = Transform3D(0.99979305, -0.015027713, 0.01371749, -0.01108885, 0.16283269, 0.9865914, -0.01705987, -0.98653924, 0.16263235, -0.17555398, 0.71865654, 0.35170627)
joint_offset = Transform3D(1, 0, 0, 0, 1, 0, 0, 0, 1, -0.00021241412, 2.5351943e-05, 0.17162056)
body_offset = Transform3D(0.99999976, 3.5241246e-06, -1.1473196e-05, -1.1354219e-05, -0.0002592355, -1.000003, -3.6787242e-06, 0.99999994, -0.00025886297, 0.000214383, 0.17162108, 1.9073486e-05)

[node name="Physical Bone Front_Legs_2_R" parent="Player/Armature/Skeleton3D/PhysicalBoneSimulator3D" index="8" unique_id=644560060]
transform = Transform3D(0.9997952, -0.014931234, 0.013659122, -0.011142126, 0.15728194, 0.9874909, -0.01689279, -0.9874409, 0.15708335, -0.18076727, 0.35678688, 0.2932012)
joint_offset = Transform3D(1, 0, 0, 0, 1, 0, 0, 0, 1, -2.0096106e-05, -4.2852178e-05, 0.19714354)
body_offset = Transform3D(0.99999976, -4.4684857e-06, -7.814495e-06, -7.69808e-06, -2.938509e-05, -1.0000031, 4.3176115e-06, 1.0000001, -2.9042363e-05, 2.1636486e-05, 0.19714415, 4.8577785e-05)

[node name="Physical Bone Hips_2_L" parent="Player/Armature/Skeleton3D/PhysicalBoneSimulator3D" index="9" unique_id=1759728961]
transform = Transform3D(-0.1782882, 0.041705016, -0.9830941, -0.08597637, -0.9959405, -0.026657818, -0.980215, 0.07977008, 0.1811501, 0.0753937, 0.8900023, -0.61098385)
joint_offset = Transform3D(1, 0, 0, 0, 1, 0, 0, 0, 1, 0.00018709844, -0.0020045917, 0.07657114)
body_offset = Transform3D(1.0000001, 1.8171966e-05, 5.789101e-05, 5.786121e-05, -5.0986186e-05, -0.99999976, -1.707673e-05, 1.000003, -5.089119e-05, -0.00019149482, 0.07657101, 0.0020084977)

[node name="Physical Bone Back_Legs_1_L" parent="Player/Armature/Skeleton3D/PhysicalBoneSimulator3D" index="10" unique_id=533141096]
transform = Transform3D(0.99990004, -0.013339917, -0.004693952, 0.005067646, 0.02811888, 0.9995917, -0.013202482, -0.99951565, 0.028183667, 0.15054226, 0.62107766, -0.6326658)
joint_offset = Transform3D(1, 0, 0, 0, 1, 0, 0, 0, 1, 0.0001765392, 2.877789e-05, 0.27303267)
body_offset = Transform3D(0.99999994, -7.7020377e-07, 4.5657507e-06, 4.5825436e-06, 0.00031544082, -1.0000032, 7.3201954e-07, 1.0000004, 0.00031491928, -0.00017778575, 0.27303356, -0.00011476129)

[node name="Physical Bone Back_Legs_2_L" parent="Player/Armature/Skeleton3D/PhysicalBoneSimulator3D" index="11" unique_id=1959973049]
transform = Transform3D(0.999882, -0.015313239, -0.0012699303, 0.013003346, 0.7992248, 0.6008916, -0.0081866365, -0.6008372, 0.7993295, 0.1522021, 0.25230253, -0.77376294)
joint_offset = Transform3D(1, 0, 0, 0, 1, 0, 0, 0, 1, -9.9346025e-06, 6.328686e-05, 0.1668446)
body_offset = Transform3D(0.99999994, -1.3620127e-05, 1.7215498e-05, 1.7151237e-05, -0.0004028678, -1.0000017, 1.3630837e-05, 1.0000019, -0.00039985776, 7.0631504e-06, 0.1668449, 3.427267e-06)

[node name="Physical Bone Hips_2_R" parent="Player/Armature/Skeleton3D/PhysicalBoneSimulator3D" index="12" unique_id=1919683566]
transform = Transform3D(-0.14526168, -0.05028095, 0.98811483, 0.087806255, -0.99542224, -0.0377445, 0.9854893, 0.08127983, 0.14901169, -0.07514554, 0.8931363, -0.6089081)
joint_offset = Transform3D(1, 0, 0, 0, 1, 0, 0, 0, 1, 8.938792e-05, 0.0003326469, 0.07607937)
body_offset = Transform3D(1.0000001, -1.1622906e-05, -2.9861927e-05, -2.9861927e-05, -6.505661e-05, -1, 1.0564923e-05, 1.0000029, -6.4964406e-05, -8.711219e-05, 0.07607939, -0.00032770634)

[node name="Physical Bone Back_Legs_1_R" parent="Player/Armature/Skeleton3D/PhysicalBoneSimulator3D" index="13" unique_id=682677476]
transform = Transform3D(0.9998928, -0.01463804, 0.0005011813, 8.1163205e-05, 0.03975528, 0.9992095, -0.014646394, -0.9991022, 0.039752215, -0.15039578, 0.62511647, -0.63134974)
joint_offset = Transform3D(1, 0, 0, 0, 1, 0, 0, 0, 1, 5.2433945e-05, -0.0004733659, 0.27080482)
body_offset = Transform3D(1.0000002, 7.869676e-07, -1.7475104e-06, -1.795881e-06, 0.0002889745, -1.000003, -8.940697e-07, 1.0000002, 0.0002884604, -5.196035e-05, 0.27080578, 0.00039524958)

[node name="Physical Bone Back_Legs_2_R" parent="Player/Armature/Skeleton3D/PhysicalBoneSimulator3D" index="14" unique_id=709029697]
transform = Transform3D(0.99991924, -0.010606682, 0.0070037316, 0.004181898, 0.7948827, 0.6067488, -0.012002735, -0.60667056, 0.7948628, -0.1517941, 0.25326777, -0.7743608)
joint_offset = Transform3D(1, 0, 0, 0, 1, 0, 0, 0, 1, 0.00015087741, 3.6141686e-05, 0.166803)
body_offset = Transform3D(1.0000001, 1.0673888e-05, -3.3266842e-06, -3.4524128e-06, -0.00040248036, -1.0000014, -1.0690186e-05, 1.0000014, -0.00039961934, -0.00015032291, 0.16680324, 3.0517578e-05)

[node name="AnimationTree" parent="Player" index="2" unique_id=280123688]
active = false
deterministic = false
reset_on_save = false

[node name="Long_Building_1" parent="Player" unique_id=2111086352 instance=ExtResource("3_ptuds")]
transform = Transform3D(1, 0, 0, 0, 1, 0, 0, 0, 1, -5.5485826, 0, -4.0844874)

[node name="Long_Building_2" parent="Player" unique_id=2018659032 instance=ExtResource("3_ptuds")]
transform = Transform3D(-4.371139e-08, 0, 1, 0, 1, 0, -1, 0, -4.371139e-08, -13.530673, 0, 1.1338487)

[node name="geekbar" parent="." unique_id=2092676837 instance=ExtResource("4_qwvn6")]
transform = Transform3D(0.09419518, -0.99555373, 0, 0.99555373, 0.09419518, 0, 0, 0, 1, -1.1804891, 0.13041991, 1.1473835)

[node name="geekbar2" parent="." unique_id=1537713996 instance=ExtResource("4_qwvn6")]
transform = Transform3D(0.13891385, 0, -0.99030447, 0.7495765, 0.6535131, 0.10514601, 0.6471769, -0.7569152, 0.090782024, -1.3083149, 1.1920929e-07, 1.6925726)

[node name="geekbar3" parent="." unique_id=677687027 instance=ExtResource("4_qwvn6")]
transform = Transform3D(0.8206309, -0.5714586, 0, 0.5714586, 0.8206309, 0, 0, 0, 1, -0.90484095, 0, 1.3682584)

[node name="geekbar4" parent="." unique_id=591682129 instance=ExtResource("4_qwvn6")]
transform = Transform3D(0.051603947, -0.99866766, 0, 0.99866766, 0.051603947, 0, 0, 0, 1, -0.8713062, 0.07100761, 0.48458695)

[node name="geekbar5" parent="." unique_id=516938477 instance=ExtResource("4_qwvn6")]
transform = Transform3D(0.051603947, -0.99866766, 0, 0.99866766, 0.051603947, 0, 0, 0, 1, -0.60572267, 0.07100761, 2.195959)

[node name="geekbar6" parent="." unique_id=1206835048 instance=ExtResource("4_qwvn6")]
transform = Transform3D(-1.9148787e-08, 3.6300504e-10, -0.415, 0.14054215, 0.39047778, -6.1432925e-09, 0.39047778, -0.14054215, -1.8140225e-08, 0.07221028, 1.1266984, 1.6218898)

[node name="Camera3D" type="Camera3D" parent="." unique_id=821610579]
transform = Transform3D(0.5424718, -0.2790108, 0.79238707, 0, 0.9432349, 0.33212644, -0.840074, -0.18016925, 0.51167834, 0.7939396, 1.4128006, 2.053018)

[editable path="Player"]
