[gd_scene format=3 uid="uid://b1cdkvs3tmfq7"]

[ext_resource type="Material" uid="uid://bn2m7xcvtc6ia" path="res://materials/environment/Tiled Grass.tres" id="1_sugp2"]
[ext_resource type="PackedScene" uid="uid://cgt54fauo13va" path="res://scenes/debug/player.tscn" id="2_0wfyh"]
[ext_resource type="Material" uid="uid://o2tt03r0xiwx" path="res://materials/environment/Tiled Road.tres" id="3_jyhfs"]
[ext_resource type="PackedScene" uid="uid://bc5efg64uwy13" path="res://scenes/environment/buildings/long_1.tscn" id="3_tipki"]
[ext_resource type="PackedScene" uid="uid://c4tqmh6a884hs" path="res://scenes/environment/props/tree.tscn" id="4_85g3d"]
[ext_resource type="PackedScene" uid="uid://1rbluhys2n3m" path="res://scenes/environment/props/light.tscn" id="5_choun"]
[ext_resource type="PackedScene" uid="uid://q85swiqrfyy" path="res://scenes/environment/props/trash.tscn" id="6_ya4ey"]
[ext_resource type="PackedScene" uid="uid://cp0haq47ma71t" path="res://scenes/environment/props/bench.tscn" id="7_eb6dy"]
[ext_resource type="Texture2D" uid="uid://cs57qtkgnqt2g" path="res://assets/textures/meshes/environment/single road.png" id="9_eb6dy"]
[ext_resource type="PackedScene" uid="uid://cgpjdnr41rlr5" path="res://scenes/environment/buildings/corner_1.tscn" id="9_ya4ey"]
[ext_resource type="PackedScene" uid="uid://db5viuixsyl3o" path="res://scenes/environment/buildings/tall_1.tscn" id="10_eb6dy"]
[ext_resource type="PackedScene" uid="uid://5i4tfhpo2qpn" path="res://scenes/environment/props/shrub.tscn" id="11_trceg"]

[sub_resource type="ProceduralSkyMaterial" id="ProceduralSkyMaterial_0wfyh"]
sky_horizon_color = Color(0.66224277, 0.6717428, 0.6867428, 1)
ground_horizon_color = Color(0.66224277, 0.6717428, 0.6867428, 1)

[sub_resource type="Sky" id="Sky_sugp2"]
sky_material = SubResource("ProceduralSkyMaterial_0wfyh")

[sub_resource type="Environment" id="Environment_jyhfs"]
background_mode = 2
sky = SubResource("Sky_sugp2")
tonemap_mode = 2
glow_enabled = true

[sub_resource type="PlaneMesh" id="PlaneMesh_sugp2"]

[sub_resource type="WorldBoundaryShape3D" id="WorldBoundaryShape3D_o5qli"]

[sub_resource type="WorldBoundaryShape3D" id="WorldBoundaryShape3D_eb6dy"]

[sub_resource type="StandardMaterial3D" id="StandardMaterial3D_trceg"]
albedo_texture = ExtResource("9_eb6dy")
uv1_scale = Vector3(0.15, 0.15, 0.15)
uv1_offset = Vector3(0.5, 0, 0)
uv1_triplanar = true

[node name="Main" type="Node3D" unique_id=1469602935]
transform = Transform3D(0.9999966, 0.001782403, -0.0018925469, -0.0017812446, 0.9999982, 0.00061167404, 0.001893637, -0.00060829055, 0.99999803, 0, 0, 0)

[node name="DirectionalLight3D" type="DirectionalLight3D" parent="." unique_id=1863133789]
transform = Transform3D(-0.8660254, -0.43301278, 0.25, 0, 0.49999997, 0.86602545, -0.50000006, 0.75, -0.43301266, 0, 0, 0)
shadow_enabled = true

[node name="WorldEnvironment" type="WorldEnvironment" parent="." unique_id=1801877635]
environment = SubResource("Environment_jyhfs")

[node name="Grass Floor" type="MeshInstance3D" parent="." unique_id=709180304]
transform = Transform3D(35.700005, -2.3501343e-09, 0, -3.1177478e-09, 35.7, 0, 0, -1.8626451e-09, 35.700005, -0.031386636, -5.6720233e-05, 0.0028880043)
material_override = ExtResource("1_sugp2")
mesh = SubResource("PlaneMesh_sugp2")

[node name="StaticBody3D" type="StaticBody3D" parent="." unique_id=613525800]
transform = Transform3D(35.7, 0, 0, 0, 35.7, 0, 0, 0, 35.7, 0, 0, 0)

[node name="CollisionShape3D" type="CollisionShape3D" parent="StaticBody3D" unique_id=960646757]
shape = SubResource("WorldBoundaryShape3D_o5qli")

[node name="CollisionShape3D2" type="CollisionShape3D" parent="StaticBody3D" unique_id=1361408746]
transform = Transform3D(4.371139e-08, 0.99999994, -8.742278e-08, 1, -4.3711385e-08, 0, -3.821371e-15, -8.742277e-08, -1, -0.99979717, -0.0017820442, 0.0018921726)
shape = SubResource("WorldBoundaryShape3D_eb6dy")

[node name="CollisionShape3D4" type="CollisionShape3D" parent="StaticBody3D" unique_id=1737542871]
transform = Transform3D(-0.0011695672, 3.2167882e-06, 0.9999993, 0.9999965, -0.0023929588, 0.0011695722, 0.0023929612, 0.99999714, -4.178146e-07, -1.0016797, -0.0011773196, -0.99222744)
shape = SubResource("WorldBoundaryShape3D_eb6dy")

[node name="CollisionShape3D5" type="CollisionShape3D" parent="StaticBody3D" unique_id=3383638]
transform = Transform3D(-4.371139e-08, -0.0017453283, 0.9999984, 0, 0.99999845, 0.0017453282, -1, 7.6290724e-11, -4.3711317e-08, -0.9978943, -0.0023933107, 1.006764)
shape = SubResource("WorldBoundaryShape3D_eb6dy")

[node name="CollisionShape3D3" type="CollisionShape3D" parent="StaticBody3D" unique_id=17281468]
transform = Transform3D(-4.3605837e-08, -0.99999976, 4.656613e-10, 1, -4.3801265e-08, 1.7462298e-10, 0, 4.656613e-10, 1, 0.99423945, 0.001772138, -0.0018816546)
shape = SubResource("WorldBoundaryShape3D_eb6dy")

[node name="TestPlayer" parent="." unique_id=1025771593 instance=ExtResource("2_0wfyh")]
transform = Transform3D(1.0000002, -6.662049e-11, 0, 2.6125235e-10, 1.0000002, 5.820766e-11, -2.3283064e-10, -1.1641532e-10, 1.0000002, -9.060175, 1.2399381, 10.551104)

[node name="Camera3D" type="Camera3D" parent="TestPlayer" unique_id=976199575]
transform = Transform3D(1, 0, 0, 0, -4.371139e-08, 1, 0, -1, -4.371139e-08, 0, 16, 0)

[node name="Objects" type="Node3D" parent="." unique_id=1229788221]

[node name="Long_Building_1" parent="Objects" unique_id=2111086352 instance=ExtResource("3_tipki")]
transform = Transform3D(0.99999696, -0.0017812492, 0.0018936344, 0.0017824004, 0.99999857, -0.0006083009, -0.0018925508, 0.0006116638, 0.99999833, -16.053362, 0.014647096, 27.48388)

[node name="Long_Building_2" parent="Objects" unique_id=1387465423 instance=ExtResource("3_tipki")]
transform = Transform3D(0.9999971, -0.0017812494, 0.0018936347, 0.0017824008, 0.9999987, -0.00060830096, -0.0018925511, 0.00061166385, 0.99999845, -16.069464, 0.019819483, 18.980886)

[node name="Long_Building_3" parent="Objects" unique_id=668353488 instance=ExtResource("3_tipki")]
transform = Transform3D(0.99999744, -0.0017812501, 0.0018936354, 0.0017824018, 0.99999905, -0.00060830096, -0.0018925521, 0.00061166397, 0.9999988, -16.085432, 0.024948493, 10.54921)

[node name="Long_Building_4" parent="Objects" unique_id=1651759443 instance=ExtResource("3_tipki")]
transform = Transform3D(0.99999756, -0.0017812505, 0.0018936356, 0.0017824022, 0.99999917, -0.000608301, -0.0018925525, 0.000611664, 0.9999989, -27.36538, 0.0048430534, 10.570558)

[node name="Long_Building_5" parent="Objects" unique_id=1932389601 instance=ExtResource("3_tipki")]
transform = Transform3D(0.9999977, -0.0017812508, 0.0018936358, 0.0017824025, 0.9999993, -0.000608301, -0.0018925528, 0.0006116641, 0.99999905, -27.349396, -0.0002921503, 19.012423)

[node name="Long_Building_6" parent="Objects" unique_id=1377948458 instance=ExtResource("3_tipki")]
transform = Transform3D(0.9999978, -0.001781251, 0.0018936361, 0.0017824029, 0.9999994, -0.000608301, -0.0018925531, 0.0006116641, 0.99999917, -27.333221, -0.0054883137, 27.554499)

[node name="Prop_Tree" parent="Objects" unique_id=131439570 instance=ExtResource("4_85g3d")]
transform = Transform3D(0.99999696, -0.0017812492, 0.0018936344, 0.0017824004, 0.99999857, -0.0006083009, -0.0018925508, 0.0006116638, 0.99999833, -13.27844, 0.06397138, 23.178318)

[node name="Prop_Tree2" parent="Objects" unique_id=454400354 instance=ExtResource("4_85g3d")]
transform = Transform3D(0.99999696, -0.0017812492, 0.0018936344, 0.0017824004, 0.99999857, -0.0006083009, -0.0018925508, 0.0006116638, 0.99999833, -13.196499, 0.065029316, 14.753917)

[node name="Prop_Light" parent="Objects" unique_id=30113126 instance=ExtResource("5_choun")]
transform = Transform3D(0.9999967, -0.0017812485, 0.001893634, 0.0017823997, 0.99999833, -0.0006083009, -0.0018925504, 0.00061166374, 0.9999981, -6.42874, 0.09407821, 16.96065)

[node name="Prop_Light12" parent="Objects" unique_id=1403968205 instance=ExtResource("5_choun")]
transform = Transform3D(0.99999684, -0.0017812488, 0.0018936342, 0.0017824001, 0.99999845, -0.0006083009, -0.0018925506, 0.00061166374, 0.9999982, -6.4033775, 0.08593081, 30.354345)

[node name="Prop_Light2" parent="Objects" unique_id=1050224309 instance=ExtResource("5_choun")]
transform = Transform3D(0.99999696, -0.0017812492, 0.0018936344, 0.0017824004, 0.99999857, -0.0006083009, -0.0018925508, 0.0006116638, 0.99999833, -6.4534388, 0.102012075, 3.9180257)

[node name="Prop_Light3" parent="Objects" unique_id=1952356563 instance=ExtResource("5_choun")]
transform = Transform3D(0.9999971, -0.0017812494, 0.0018936347, 0.0017824008, 0.9999987, -0.00060830096, -0.0018925511, 0.00061166385, 0.99999845, -6.478697, 0.110125616, -9.419975)

[node name="Prop_Light4" parent="Objects" unique_id=1761813577 instance=ExtResource("5_choun")]
transform = Transform3D(0.9999972, -0.0017812497, 0.0018936349, 0.0017824011, 0.9999988, -0.00060830096, -0.0018925514, 0.0006116639, 0.99999857, -6.5045753, 0.11843834, -23.085405)

[node name="Prop_Light5" parent="Objects" unique_id=72541014 instance=ExtResource("5_choun")]
transform = Transform3D(0.9999973, -0.0017812499, 0.0018936351, 0.0017824015, 0.9999989, -0.00060830096, -0.0018925518, 0.0006116639, 0.9999987, -6.529021, 0.12629084, -35.99426)

[node name="Prop_Light6" parent="Objects" unique_id=1930731928 instance=ExtResource("5_choun")]
transform = Transform3D(0.99999744, -0.0017812501, 0.0018936354, 0.0017824018, 0.99999905, -0.00060830096, -0.0018925521, 0.00061166397, 0.9999988, -0.2503646, 0.13748197, -36.00614)

[node name="Prop_Light7" parent="Objects" unique_id=1097823127 instance=ExtResource("5_choun")]
transform = Transform3D(0.99999756, -0.0017812505, 0.0018936356, 0.0017824022, 0.99999917, -0.000608301, -0.0018925525, 0.000611664, 0.9999989, -0.22554493, 0.12950905, -22.899258)

[node name="Prop_Light8" parent="Objects" unique_id=1538498684 instance=ExtResource("5_choun")]
transform = Transform3D(0.9999977, -0.0017812508, 0.0018936358, 0.0017824025, 0.9999993, -0.000608301, -0.0018925528, 0.0006116641, 0.99999905, -0.20005439, 0.12132059, -9.438087)

[node name="Prop_Light9" parent="Objects" unique_id=1428301377 instance=ExtResource("5_choun")]
transform = Transform3D(0.9999979, -0.0017812513, 0.0018936363, 0.0017824032, 0.9999995, -0.000608301, -0.0018925533, 0.00061166415, 0.9999993, -0.17502302, 0.11327966, 3.7805965)

[node name="Prop_Light10" parent="Objects" unique_id=554680714 instance=ExtResource("5_choun")]
transform = Transform3D(0.99999803, -0.0017812515, 0.0018936365, 0.0017824036, 0.99999964, -0.0006083011, -0.0018925535, 0.0006116642, 0.9999994, -0.14951226, 0.10508474, 17.25243)

[node name="Prop_Light11" parent="Objects" unique_id=907776196 instance=ExtResource("5_choun")]
transform = Transform3D(0.9999983, -0.0017812521, 0.001893637, 0.0017824043, 0.9999999, -0.0006083011, -0.001892554, 0.00061166426, 0.99999964, -0.12495254, 0.09719532, 30.22205)

[node name="Prop_Trash" parent="Objects" unique_id=782225398 instance=ExtResource("6_ya4ey")]
transform = Transform3D(0.99999684, -0.0017812488, 0.0018936342, 0.0017824001, 0.99999845, -0.0006083009, -0.0018925506, 0.00061166374, 0.9999982, -8.582773, 0.054005537, 16.173552)

[node name="Prop_Bench" parent="Objects" unique_id=1859321305 instance=ExtResource("7_eb6dy")]
transform = Transform3D(0.9999967, -0.0017812485, 0.001893634, 0.0017823997, 0.99999833, -0.0006083009, -0.0018925504, 0.00061166374, 0.9999981, -8.565084, 0.04630981, 14.012022)

[node name="L_Building" parent="Objects" unique_id=207823336 instance=ExtResource("9_ya4ey")]
transform = Transform3D(0.97164553, -0.0017812481, -0.23643951, 0.0015861174, 0.9999994, -0.001015489, 0.23644091, 0.0006116637, 0.97164696, -24.742155, 0.037025787, -24.109589)

[node name="Prop_Shrub" parent="Objects" unique_id=254670634 instance=ExtResource("11_trceg")]
transform = Transform3D(0.99999696, -0.0017812492, 0.0018936344, 0.0017824004, 0.99999857, -0.0006083009, -0.0018925508, 0.0006116638, 0.99999833, -18.80904, 0.17643127, 6.6493897)

[node name="Prop_Shrub2" parent="Objects" unique_id=1962862608 instance=ExtResource("11_trceg")]
transform = Transform3D(0.9999971, -0.0017812494, 0.0018936347, 0.0017824008, 0.9999987, -0.00060830096, -0.0018925511, 0.00061166385, 0.99999845, -16.9717, 0.17970616, 6.6459126)

[node name="Prop_Shrub3" parent="Objects" unique_id=2128306479 instance=ExtResource("11_trceg")]
transform = Transform3D(0.9999972, -0.0017812497, 0.0018936349, 0.0017824011, 0.9999988, -0.00060830096, -0.0018925514, 0.0006116639, 0.99999857, -15.114614, 0.18301627, 6.642398)

[node name="Prop_Shrub4" parent="Objects" unique_id=29272354 instance=ExtResource("11_trceg")]
transform = Transform3D(0.9999973, -0.0017812499, 0.0018936351, 0.0017824015, 0.9999989, -0.00060830096, -0.0018925518, 0.0006116639, 0.9999987, -13.217754, 0.18639725, 6.6388083)

[node name="Prop_Shrub5" parent="Objects" unique_id=281882854 instance=ExtResource("11_trceg")]
transform = Transform3D(0.99999756, -0.0017812505, 0.0018936356, 0.0017824022, 0.99999917, -0.000608301, -0.0018925525, 0.000611664, 0.9999989, -11.304714, 0.1898071, 6.6351876)

[node name="Tall_Building_2" parent="Objects" unique_id=1620563590 instance=ExtResource("10_eb6dy")]
transform = Transform3D(0.0018933965, -0.0017812457, -0.99999666, -0.0006083015, 0.99999857, -0.0017823997, 0.99999857, 0.00061166, 0.0018926099, -13.430793, 0.038655303, -33.76526)

[node name="Prop_Tree3" parent="Objects" unique_id=1999441663 instance=ExtResource("4_85g3d")]
transform = Transform3D(0.99999696, -0.0017812492, 0.0018936344, 0.0017824004, 0.99999857, -0.0006083009, -0.0018925508, 0.0006116638, 0.99999833, -20.276201, 0.067453936, 6.3102837)

[node name="Prop_Bench2" parent="Objects" unique_id=191107699 instance=ExtResource("7_eb6dy")]
transform = Transform3D(0.973488, -0.001781247, -0.22873296, 0.001594113, 0.9999987, -0.0010028891, 0.2287343, 0.0006116633, 0.9734891, -20.48125, 0.046305317, -16.373602)

[node name="Prop_Shrub6" parent="Objects/Prop_Bench2" unique_id=1863754382 instance=ExtResource("11_trceg")]
transform = Transform3D(1.0000001, -1.16415294e-10, 4.936612e-21, 1.1630161e-10, 1.0000001, 5.8207647e-11, 6.7696437e-21, -5.8207647e-11, 1.0000001, 0.02149582, 0.13265707, -2.106493)

[node name="Prop_Bench2" parent="Objects/Prop_Bench2" unique_id=1537341412 instance=ExtResource("7_eb6dy")]
transform = Transform3D(-1.0000004, 7.1780724e-09, 8.7311484e-08, -6.3505456e-10, 1.0000005, 6.938894e-18, -8.719507e-08, 2.0721926e-08, -1.0000004, 5.1756144, -0.009370804, 0.23023605)

[node name="Prop_Light" parent="Objects/Prop_Bench2" unique_id=484851176 instance=ExtResource("5_choun")]
transform = Transform3D(0.99999994, -1.9428903e-16, 1.4901161e-08, 2.6020852e-17, 1, 6.938894e-18, -1.4901161e-08, 1.110223e-16, 0.99999994, -0.3962326, 0.03665039, -2.9989672)

[node name="Prop_Shrub9" parent="Objects/Prop_Bench2" unique_id=1705794269 instance=ExtResource("11_trceg")]
transform = Transform3D(0.99999994, -1.9428903e-16, 1.4901161e-08, 2.6020852e-17, 1, 6.938894e-18, -1.4901161e-08, 1.110223e-16, 0.99999994, 6.2863884, 0.12306662, 1.2774553)

[node name="Prop_Shrub10" parent="Objects/Prop_Bench2" unique_id=1130226051 instance=ExtResource("11_trceg")]
transform = Transform3D(0.9999999, -4.0245585e-16, 2.9802322e-08, 5.7245875e-17, 1, 1.3877788e-17, -2.9802322e-08, 2.220446e-16, 0.9999999, 6.437008, 0.12164205, -0.49994087)

[node name="Prop_Tree4" parent="Objects" unique_id=156316227 instance=ExtResource("4_85g3d")]
transform = Transform3D(0.99999684, -0.0017812488, 0.0018936342, 0.0017824001, 0.99999845, -0.0006083009, -0.0018925506, 0.00061166374, 0.9999982, -19.820438, 0.07130675, -29.14527)

[node name="Prop_Shrub7" parent="Objects" unique_id=343820020 instance=ExtResource("11_trceg")]
transform = Transform3D(0.99999684, -0.0017812488, 0.0018936342, 0.0017824001, 0.99999845, -0.0006083009, -0.0018925506, 0.00061166374, 0.9999982, -21.403864, 0.18028618, -29.310938)

[node name="Prop_Shrub8" parent="Objects" unique_id=1371609503 instance=ExtResource("11_trceg")]
transform = Transform3D(0.99999684, -0.0017812488, 0.0018936342, 0.0017824001, 0.99999845, -0.0006083009, -0.0018925506, 0.00061166374, 0.9999982, -19.720045, 0.18028599, -30.646418)

[node name="Long_Building_7" parent="Objects" unique_id=457157822 instance=ExtResource("3_tipki")]
transform = Transform3D(0.0018935956, -0.001781237, -0.9999977, -0.00060830096, 0.9999994, -0.0017824024, 0.99999917, 0.0006116706, 0.0018925059, 7.4003944, 0.019852966, -28.161985)

[node name="Long_Building_8" parent="Objects" unique_id=1754686603 instance=ExtResource("3_tipki")]
transform = Transform3D(-0.9999983, -0.0017812444, -0.0018935496, -0.0017824043, 1, 0.0006083013, 0.0018924663, 0.0006116846, -0.99999964, 25.26731, 0.04132238, -11.229856)

[node name="Long_Building_9" parent="Objects" unique_id=1072660072 instance=ExtResource("3_tipki")]
transform = Transform3D(-0.921907, -0.0017812422, -0.38741085, -0.0018791158, 1.0000005, -0.00012616691, 0.38741028, 0.0006116826, -0.9219087, 23.418304, 0.04344728, -20.089767)

[node name="Long_Building_10" parent="Objects" unique_id=249892203 instance=ExtResource("3_tipki")]
transform = Transform3D(-0.34466782, -0.00178124, -0.93872505, -0.001188136, 1.0000007, -0.0014612786, 0.93872595, 0.0006116756, -0.3446691, 16.054647, 0.034403443, -26.749567)

[node name="Prop_Tree5" parent="Objects" unique_id=977625152 instance=ExtResource("4_85g3d")]
transform = Transform3D(0.99999696, -0.0017812492, 0.0018936344, 0.0017824004, 0.99999857, -0.0006083009, -0.0018925508, 0.0006116638, 0.99999833, 19.183537, 0.07262066, -22.450813)

[node name="Prop_Tree6" parent="Objects" unique_id=1419491054 instance=ExtResource("4_85g3d")]
transform = Transform3D(0.99999696, -0.0017812492, 0.0018936344, 0.0017824004, 0.99999857, -0.0006083009, -0.0018925508, 0.0006116638, 0.99999833, 22.382467, 0.0726212, -15.3874655)

[node name="Prop_Tree7" parent="Objects" unique_id=833705064 instance=ExtResource("4_85g3d")]
transform = Transform3D(0.99999696, -0.0017812492, 0.0018936344, 0.0017824004, 0.99999857, -0.0006083009, -0.0018925508, 0.0006116638, 0.99999833, 11.671681, 0.072620295, -26.92865)

[node name="L_Building2" parent="Objects" unique_id=1377086394 instance=ExtResource("9_ya4ey")]
transform = Transform3D(0.969258, -0.0017812441, 0.24604313, 0.0015759905, 0.9999989, 0.001031125, 0.24604444, 0.000611664, -0.96925896, -26.753315, -0.037881896, -15.979583)

[node name="Tall_Building_1" parent="Objects" unique_id=1146611285 instance=ExtResource("10_eb6dy")]
transform = Transform3D(-0.9999972, -0.0017812426, -0.0018937225, -0.001782401, 0.9999989, 0.0006083011, 0.001892639, 0.0006116847, -0.99999857, 27.469444, 0.04168113, 11.803961)

[node name="Tall_Building_3" parent="Objects" unique_id=136955812 instance=ExtResource("10_eb6dy")]
transform = Transform3D(-0.9999973, -0.0017812428, -0.0018937227, -0.0017824013, 0.99999905, 0.0006083011, 0.0018926393, 0.00061168475, -0.9999987, 27.494247, 0.033714756, 24.900057)

[node name="Tall_Building_5" parent="Objects" unique_id=625510575 instance=ExtResource("10_eb6dy")]
transform = Transform3D(0.99900806, -0.0017812486, -0.044499904, 0.0017522608, 0.99999857, -0.0006903345, 0.04450106, 0.00061166356, 0.9990094, 35.77675, 0.038004983, -20.590147)

[node name="Prop_Bench3" parent="Objects" unique_id=1446000647 instance=ExtResource("7_eb6dy")]
transform = Transform3D(-0.9999971, -0.0017812423, -0.0018937222, -0.0017824006, 0.9999988, 0.0006083011, 0.0018926386, 0.0006116847, -0.99999845, 21.063065, 0.04630706, 15.645147)

[node name="Prop_Bench4" parent="Objects" unique_id=161481499 instance=ExtResource("7_eb6dy")]
transform = Transform3D(-0.9999972, -0.0017812426, -0.0018937225, -0.001782401, 0.9999989, 0.0006083011, 0.001892639, 0.0006116847, -0.99999857, 21.074015, 0.042790335, 21.42637)

[node name="Prop_Trash2" parent="Objects" unique_id=1840199089 instance=ExtResource("6_ya4ey")]
transform = Transform3D(0.99999684, -0.0017812488, 0.0018936342, 0.0017824001, 0.99999845, -0.0006083009, -0.0018925506, 0.00061166374, 0.9999982, 21.13139, 0.05756842, 17.306696)

[node name="Prop_Tree8" parent="Objects" unique_id=1171592464 instance=ExtResource("4_85g3d")]
transform = Transform3D(0.99999684, -0.0017812488, 0.0018936342, 0.0017824001, 0.99999845, -0.0006083009, -0.0018925506, 0.00061166374, 0.9999982, 23.43157, 0.07130599, 18.014482)

[node name="Prop_Tree9" parent="Objects" unique_id=1376774993 instance=ExtResource("4_85g3d")]
transform = Transform3D(0.99999684, -0.0017812488, 0.0018936342, 0.0017824001, 0.99999845, -0.0006083009, -0.0018925506, 0.00061166374, 0.9999982, 21.711733, 0.07130689, 18.977678)

[node name="Prop_Shrub6" parent="Objects" unique_id=1484098308 instance=ExtResource("11_trceg")]
transform = Transform3D(0.99999684, -0.0017812488, 0.0018936342, 0.0017824001, 0.99999845, -0.0006083009, -0.0018925506, 0.00061166374, 0.9999982, 22.5922, 0.18028575, 17.75079)

[node name="Prop_Shrub9" parent="Objects" unique_id=545276510 instance=ExtResource("11_trceg")]
transform = Transform3D(0.99999684, -0.0017812488, 0.0018936342, 0.0017824001, 0.99999845, -0.0006083009, -0.0018925506, 0.00061166374, 0.9999982, 9.234742, 0.18028544, -17.024414)

[node name="Prop_Shrub10" parent="Objects" unique_id=1697856664 instance=ExtResource("11_trceg")]
transform = Transform3D(0.99999684, -0.0017812488, 0.0018936342, 0.0017824001, 0.99999845, -0.0006083009, -0.0018925506, 0.00061166374, 0.9999982, 9.280412, 0.1802858, -15.604171)

[node name="Prop_Shrub11" parent="Objects" unique_id=359626232 instance=ExtResource("11_trceg")]
transform = Transform3D(0.99999684, -0.0017812488, 0.0018936342, 0.0017824001, 0.99999845, -0.0006083009, -0.0018925506, 0.00061166374, 0.9999982, 10.905768, 0.18028593, -17.83426)

[node name="Prop_Tree10" parent="Objects" unique_id=693649301 instance=ExtResource("4_85g3d")]
transform = Transform3D(0.99999684, -0.0017812488, 0.0018936342, 0.0017824001, 0.99999845, -0.0006083009, -0.0018925506, 0.00061166374, 0.9999982, 10.9644, 0.07130821, -16.599829)

[node name="Prop_Tree11" parent="Objects" unique_id=1377424744 instance=ExtResource("4_85g3d")]
transform = Transform3D(0.99999684, -0.0017812488, 0.0018936342, 0.0017824001, 0.99999845, -0.0006083009, -0.0018925506, 0.00061166374, 0.9999982, 12.774017, 0.07130689, -14.288694)

[node name="Prop_Shrub12" parent="Objects" unique_id=533295415 instance=ExtResource("11_trceg")]
transform = Transform3D(0.99999684, -0.0017812488, 0.0018936342, 0.0017824001, 0.99999845, -0.0006083009, -0.0018925506, 0.00061166374, 0.9999982, 14.371065, 0.18028565, -14.290851)

[node name="Prop_Bench5" parent="Objects" unique_id=263921298 instance=ExtResource("7_eb6dy")]
transform = Transform3D(-0.89147663, -0.0017812381, -0.45306432, -0.0018650691, 0.9999988, -0.00026172498, 0.45306402, 0.000611682, -0.8914781, 10.879614, 0.045450658, -13.273976)

[node name="Prop_Trash3" parent="Objects" unique_id=434737591 instance=ExtResource("6_ya4ey")]
transform = Transform3D(0.87723345, -0.0017812449, -0.48006245, 0.0012689278, 0.99999905, -0.0013916926, 0.48006395, 0.0006116635, 0.8772342, 12.461463, 0.05653343, -12.194452)

[node name="Prop_Tree12" parent="Objects" unique_id=347559580 instance=ExtResource("4_85g3d")]
transform = Transform3D(0.99999684, -0.0017812488, 0.0018936342, 0.0017824001, 0.99999845, -0.0006083009, -0.0018925506, 0.00061166374, 0.9999982, 13.504561, 0.07130736, -11.808899)

[node name="Prop_Shrub13" parent="Objects" unique_id=964047471 instance=ExtResource("11_trceg")]
transform = Transform3D(0.99999684, -0.0017812488, 0.0018936342, 0.0017824001, 0.99999845, -0.0006083009, -0.0018925506, 0.00061166374, 0.9999982, 12.606515, 0.18028691, -10.681722)

[node name="Prop_Shrub14" parent="Objects" unique_id=1774676875 instance=ExtResource("11_trceg")]
transform = Transform3D(0.99999684, -0.0017812488, 0.0018936342, 0.0017824001, 0.99999845, -0.0006083009, -0.0018925506, 0.00061166374, 0.9999982, 3.4152074, 0.18028682, -18.115847)

[node name="Prop_Shrub15" parent="Objects" unique_id=938946430 instance=ExtResource("11_trceg")]
transform = Transform3D(0.99999684, -0.0017812488, 0.0018936342, 0.0017824001, 0.99999845, -0.0006083009, -0.0018925506, 0.00061166374, 0.9999982, 4.321905, 0.18028566, -16.522032)

[node name="Prop_Tree13" parent="Objects" unique_id=1761706526 instance=ExtResource("4_85g3d")]
transform = Transform3D(0.99999684, -0.0017812488, 0.0018936342, 0.0017824001, 0.99999845, -0.0006083009, -0.0018925506, 0.00061166374, 0.9999982, 3.231744, 0.07130769, -16.696934)

[node name="Prop_Tree14" parent="Objects" unique_id=749416891 instance=ExtResource("4_85g3d")]
transform = Transform3D(0.99999684, -0.0017812488, 0.0018936342, 0.0017824001, 0.99999845, -0.0006083009, -0.0018925506, 0.00061166374, 0.9999982, 2.375851, 0.07130827, 5.855422)

[node name="Prop_Shrub16" parent="Objects" unique_id=562945834 instance=ExtResource("11_trceg")]
transform = Transform3D(0.99999684, -0.0017812488, 0.0018936342, 0.0017824001, 0.99999845, -0.0006083009, -0.0018925506, 0.00061166374, 0.9999982, 2.377942, 0.1802842, 7.0645514)

[node name="Prop_Shrub17" parent="Objects" unique_id=347982175 instance=ExtResource("11_trceg")]
transform = Transform3D(0.99999684, -0.0017812488, 0.0018936342, 0.0017824001, 0.99999845, -0.0006083009, -0.0018925506, 0.00061166374, 0.9999982, 2.4290655, 0.18028454, 8.726783)

[node name="Prop_Tree15" parent="Objects" unique_id=983594864 instance=ExtResource("4_85g3d")]
transform = Transform3D(0.99999684, -0.0017812488, 0.0018936342, 0.0017824001, 0.99999845, -0.0006083009, -0.0018925506, 0.00061166374, 0.9999982, 3.625475, 0.07130711, 7.2699127)

[node name="Prop_Tree16" parent="Objects" unique_id=386147350 instance=ExtResource("4_85g3d")]
transform = Transform3D(0.99999684, -0.0017812488, 0.0018936342, 0.0017824001, 0.99999845, -0.0006083009, -0.0018925506, 0.00061166374, 0.9999982, 10.387889, 0.07130711, 24.84379)

[node name="Prop_Shrub18" parent="Objects" unique_id=1138160656 instance=ExtResource("11_trceg")]
transform = Transform3D(0.99999684, -0.0017812488, 0.0018936342, 0.0017824001, 0.99999845, -0.0006083009, -0.0018925506, 0.00061166374, 0.9999982, 9.658406, 0.1802851, 26.301468)

[node name="Prop_Shrub19" parent="Objects" unique_id=1725783880 instance=ExtResource("11_trceg")]
transform = Transform3D(0.99999684, -0.0017812488, 0.0018936342, 0.0017824001, 0.99999845, -0.0006083009, -0.0018925506, 0.00061166374, 0.9999982, 11.666275, 0.18028449, 25.987892)

[node name="Prop_Tree17" parent="Objects" unique_id=1103850586 instance=ExtResource("4_85g3d")]
transform = Transform3D(0.99999684, -0.0017812488, 0.0018936342, 0.0017824001, 0.99999845, -0.0006083009, -0.0018925506, 0.00061166374, 0.9999982, -18.198874, 0.07130481, 30.975658)

[node name="Prop_Shrub20" parent="Objects" unique_id=1343364842 instance=ExtResource("11_trceg")]
transform = Transform3D(0.99999684, -0.0017812488, 0.0018936342, 0.0017824001, 0.99999845, -0.0006083009, -0.0018925506, 0.00061166374, 0.9999982, -16.891668, 0.18028474, 31.165028)

[node name="Prop_Shrub21" parent="Objects" unique_id=1580113124 instance=ExtResource("11_trceg")]
transform = Transform3D(0.9999609, -0.0062081274, 0.006352069, 0.0062117046, 0.999981, -0.0005439861, -0.0063485727, 0.00058340136, 0.99998, -15.09521, 0.18028499, 31.078033)

[node name="L_Building3" parent="Objects" unique_id=106369747 instance=ExtResource("9_ya4ey")]
transform = Transform3D(-0.9999973, -0.0017812428, -0.0018937227, -0.0017824013, 0.99999905, 0.0006083011, 0.0018926393, 0.00061168475, -0.9999987, 27.480972, 0.0432513, -31.23649)

[node name="Road" type="CSGBox3D" parent="." unique_id=1006182355]
transform = Transform3D(1.0000035, -7.304493e-09, -1.094304e-08, 3.4020786e-09, 1.0000132, 4.656613e-10, -2.4447218e-09, -2.73576e-09, 1.000002, -3.4548202, 0.10998859, -0.83661896)
size = Vector3(8.251549, 0.001, 74.17503)
material = ExtResource("3_jyhfs")

[node name="Road2" type="CSGBox3D" parent="." unique_id=752856198]
transform = Transform3D(3.1392556e-06, -0.002392949, 1.0000025, -0.0011695808, 1.0000108, 0.0023929481, -1.0000027, -0.0011695821, 3.3609103e-07, -0.8789882, 0.07302212, -0.836794)
size = Vector3(8.251549, 0.0357666, 79.32726)
material = SubResource("StandardMaterial3D_trceg")
