[gd_scene format=3 uid="uid://bw17kijm22g0j"]

[ext_resource type="PackedScene" uid="uid://dsnegvf4agyux" path="res://assets/meshes/player.blend" id="1_g2els"]
[ext_resource type="Script" uid="uid://bwxv2gls5ckf3" path="res://scripts/npc/ragdoll.gd" id="2_dqkch"]
[ext_resource type="Material" uid="uid://dpqejqlhrqu74" path="res://materials/player.tres" id="2_qhqgy"]

[sub_resource type="CapsuleShape3D" id="CapsuleShape3D_g2els"]
radius = 0.087890625
height = 0.46463582

[sub_resource type="CapsuleShape3D" id="CapsuleShape3D_qhqgy"]
radius = 0.08935547
height = 0.5085108

[sub_resource type="CapsuleShape3D" id="CapsuleShape3D_dqkch"]
radius = 0.104003906
height = 0.5343918

[sub_resource type="CapsuleShape3D" id="CapsuleShape3D_qlg0r"]
radius = 0.023882013
height = 0.23882014

[sub_resource type="CapsuleShape3D" id="CapsuleShape3D_tuyoq"]
radius = 0.05078125
height = 0.34108496

[sub_resource type="CapsuleShape3D" id="CapsuleShape3D_fjrip"]
radius = 0.03900503
height = 0.47417134

[sub_resource type="CapsuleShape3D" id="CapsuleShape3D_smehm"]
radius = 0.023882015
height = 0.23882015

[sub_resource type="CapsuleShape3D" id="CapsuleShape3D_ur7pv"]
radius = 0.049316406
height = 0.34108475

[sub_resource type="CapsuleShape3D" id="CapsuleShape3D_y4r1p"]
radius = 0.039005015
height = 0.47725165

[sub_resource type="CapsuleShape3D" id="CapsuleShape3D_d2wvv"]
radius = 0.01520084
height = 0.1520084

[sub_resource type="CapsuleShape3D" id="CapsuleShape3D_3v2ag"]
radius = 0.054161977
height = 0.5416198

[sub_resource type="CapsuleShape3D" id="CapsuleShape3D_jej6c"]
radius = 0.03317328
height = 0.3317328

[sub_resource type="CapsuleShape3D" id="CapsuleShape3D_f1ej7"]
radius = 0.015200838
height = 0.15200838

[sub_resource type="CapsuleShape3D" id="CapsuleShape3D_oprun"]
radius = 0.054161973
height = 0.5416197

[sub_resource type="CapsuleShape3D" id="CapsuleShape3D_a8ls1"]
radius = 0.03317327
height = 0.33173272

[sub_resource type="AnimationNodeAnimation" id="AnimationNodeAnimation_qhqgy"]
animation = &"Run"

[sub_resource type="AnimationNodeAnimation" id="AnimationNodeAnimation_tuyoq"]
animation = &"Attack"

[sub_resource type="AnimationNodeBlend2" id="AnimationNodeBlend2_smehm"]
filter_enabled = true
filters = ["", "Armature/Skeleton3D:Back_IK.L", "Armature/Skeleton3D:Back_IK.R", "Armature/Skeleton3D:Chest", "Armature/Skeleton3D:Front_IK.L", "Armature/Skeleton3D:Front_IK.R", "Armature/Skeleton3D:Head_2", "Armature/Skeleton3D:Head_Rotation_Isolate", "Armature/Skeleton3D:Hips", "Armature/Skeleton3D:Neck"]

[sub_resource type="AnimationNodeAnimation" id="AnimationNodeAnimation_qlg0r"]
animation = &"Idle"

[sub_resource type="AnimationNodeBlend2" id="AnimationNodeBlend2_tuyoq"]

[sub_resource type="AnimationNodeBlend2" id="AnimationNodeBlend2_fjrip"]
filter_enabled = true
filters = ["Armature/Skeleton3D:Head_2", "Armature/Skeleton3D:Head_Rotation_Isolate", "Armature/Skeleton3D:Neck"]

[sub_resource type="AnimationNodeAnimation" id="AnimationNodeAnimation_dqkch"]
animation = &"Geek Hit"

[sub_resource type="AnimationNodeBlendTree" id="AnimationNodeBlendTree_smehm"]
nodes/output/position = Vector2(1100, 140)
nodes/MoveBlend/node = SubResource("AnimationNodeBlend2_tuyoq")
nodes/MoveBlend/position = Vector2(280, 140)
nodes/Idle/node = SubResource("AnimationNodeAnimation_qlg0r")
nodes/Idle/position = Vector2(0, 140)
"nodes/Animation 2/node" = SubResource("AnimationNodeAnimation_qhqgy")
"nodes/Animation 2/position" = Vector2(40, 320)
nodes/Overlay/node = SubResource("AnimationNodeBlend2_fjrip")
nodes/Overlay/position = Vector2(640, 80)
nodes/Use/node = SubResource("AnimationNodeAnimation_dqkch")
nodes/Use/position = Vector2(440, 300)
nodes/AttackLayer/node = SubResource("AnimationNodeBlend2_smehm")
nodes/AttackLayer/position = Vector2(840, 120)
nodes/Animation/node = SubResource("AnimationNodeAnimation_tuyoq")
nodes/Animation/position = Vector2(660, 420)
node_connections = [&"output", 0, &"AttackLayer", &"MoveBlend", 0, &"Idle", &"MoveBlend", 1, &"Animation 2", &"Overlay", 0, &"MoveBlend", &"Overlay", 1, &"Use", &"AttackLayer", 0, &"Overlay", &"AttackLayer", 1, &"Animation"]

[node name="Player" unique_id=589952143 node_paths=PackedStringArray("phys_bone_simulator", "animation_tree") instance=ExtResource("1_g2els")]
script = ExtResource("2_dqkch")
phys_bone_simulator = NodePath("Armature/Skeleton3D/PhysicalBoneSimulator3D")
animation_tree = NodePath("AnimationTree")

[node name="Skeleton3D" parent="Armature" parent_id_path=PackedInt32Array(1733884491) index="0" unique_id=1582842650]
bones/0/position = Vector3(1.04089544e-07, 0.7512544, -0.600012)
bones/0/rotation = Quaternion(0.7819835, -8.2339454e-07, -8.343008e-07, 0.6232992)
bones/1/rotation = Quaternion(-0.26420328, 8.928791e-07, 2.0666072e-07, 0.964467)
bones/2/rotation = Quaternion(-0.22486442, 0.018611707, -0.009499642, 0.974166)
bones/3/rotation = Quaternion(0.3875117, -0.016735796, 0.012525035, 0.9216279)
bones/5/rotation = Quaternion(0.40116107, 0.045212716, 0.4915863, 0.7716014)
bones/6/rotation = Quaternion(-0.6981678, 0.00031989926, 0.007531107, 0.7158945)
bones/7/rotation = Quaternion(-0.19296911, 0.006530326, -0.0060390644, 0.9811646)
bones/9/rotation = Quaternion(0.40116102, -0.04521272, -0.49158642, 0.77160126)
bones/10/rotation = Quaternion(-0.6981678, -0.0003198667, -0.0075308783, 0.71589446)
bones/11/rotation = Quaternion(-0.19296929, -0.006530104, 0.0060389857, 0.9811645)
bones/13/rotation = Quaternion(0.4410885, 0.49473834, 0.5802711, 0.4732446)
bones/14/rotation = Quaternion(0.6634957, 0.00010253259, -0.0019897367, 0.7481775)
bones/15/rotation = Quaternion(-0.90072733, -0.0011582869, 0.0030974874, 0.43437234)
bones/17/rotation = Quaternion(-0.44108835, 0.49473834, 0.58027124, -0.47324452)
bones/18/rotation = Quaternion(0.6634957, -0.00010256629, 0.0019897786, 0.74817747)
bones/19/rotation = Quaternion(-0.9007274, 0.0011583627, -0.003097546, 0.4343723)
bones/20/position = Vector3(0.1837084, 0.14667849, 0.25971076)
bones/20/rotation = Quaternion(0.90245605, -0.00044592973, 0.0008525462, 0.43078107)
bones/21/position = Vector3(0.15265596, 0.15327668, -0.9057999)
bones/21/rotation = Quaternion(0.9063308, 5.1986795e-08, 1.1150191e-07, 0.4225689)
bones/22/position = Vector3(-0.1837084, 0.14667849, 0.25971076)
bones/22/rotation = Quaternion(0.90245605, 0.00044592973, -0.0008525462, 0.43078107)
bones/23/position = Vector3(-0.15265596, 0.15327668, -0.9057999)
bones/23/rotation = Quaternion(0.9063308, -5.1986795e-08, -1.1150191e-07, 0.4225689)
bones/24/position = Vector3(0.0037610962, 1.0592711, 0.605123)
bones/24/rotation = Quaternion(0.7184922, -1.09030225e-05, -1.1234164e-05, 0.695535)

[node name="back legs" parent="Armature/Skeleton3D" index="0" unique_id=928887697]
surface_material_override/0 = ExtResource("2_qhqgy")

[node name="body" parent="Armature/Skeleton3D" index="1" unique_id=206380198]
surface_material_override/0 = ExtResource("2_qhqgy")

[node name="front legs" parent="Armature/Skeleton3D" index="2" unique_id=373501183]
surface_material_override/0 = ExtResource("2_qhqgy")

[node name="Head" parent="Armature/Skeleton3D" index="3" unique_id=1936923714]
surface_material_override/0 = ExtResource("2_qhqgy")

[node name="Tail" parent="Armature/Skeleton3D" index="4" unique_id=891694698]
surface_material_override/0 = ExtResource("2_qhqgy")

[node name="PhysicalBoneSimulator3D" type="PhysicalBoneSimulator3D" parent="Armature/Skeleton3D" index="5" unique_id=699672348]

[node name="Physical Bone Hips" type="PhysicalBone3D" parent="Armature/Skeleton3D/PhysicalBoneSimulator3D" index="0" unique_id=194911851]
transform = Transform3D(1, -2.4147848e-06, 4.2009435e-07, -2.447648e-06, -0.9748019, 0.22307242, -1.2916314e-07, -0.22307242, -0.9748019, -1.5595234e-07, 0.698863, -0.3729394)
collision_layer = 4
joint_type = 2
joint_offset = Transform3D(1, 0, 0, 0, 1, 0, 0, 0, 1, 1.6113563e-07, -0.00041757917, 0.23303786)
body_offset = Transform3D(1, -8.354261e-08, 1.721886e-07, 1.7218194e-07, -7.803738e-05, -1, 8.355662e-08, 1.000003, -7.805228e-05, -2.0129698e-07, 0.23303783, 0.00043576956)
mass = 5.0
bone_name = "Hips"
joint_constraints/swing_span = 45.0
joint_constraints/twist_span = 180.0
joint_constraints/bias = 0.3
joint_constraints/softness = 0.8
joint_constraints/relaxation = 1.0

[node name="CollisionShape3D" type="CollisionShape3D" parent="Armature/Skeleton3D/PhysicalBoneSimulator3D/Physical Bone Hips" index="0" unique_id=453916163]
transform = Transform3D(1, 0, -1.6342483e-13, 7.81597e-13, 0, 1.0000002, 0, -1.0000002, 0, -1.2346391e-09, 0, 0)
shape = SubResource("CapsuleShape3D_g2els")

[node name="Physical Bone Chest" type="PhysicalBone3D" parent="Armature/Skeleton3D/PhysicalBoneSimulator3D" index="1" unique_id=237945398]
transform = Transform3D(1, -5.188695e-07, -6.157101e-07, -6.819265e-07, -0.9523607, -0.3049741, -4.2813633e-07, 0.3049741, -0.9523607, -5.4223683e-06, 0.72516733, 0.095749125)
collision_layer = 4
joint_type = 2
joint_offset = Transform3D(1, 0, 0, 0, 1, 0, 0, 0, 1, 5.5681853e-06, -0.00022361381, 0.25490025)
body_offset = Transform3D(1, 6.643042e-11, -5.1118633e-07, -5.111813e-07, 4.1484833e-05, -1.0000008, -5.3105964e-11, 1.0000024, 4.4107437e-05, -5.437884e-06, 0.25490046, 0.00021237135)
mass = 5.0
bone_name = "Chest"
joint_constraints/swing_span = 45.0
joint_constraints/twist_span = 180.0
joint_constraints/bias = 0.3
joint_constraints/softness = 0.8
joint_constraints/relaxation = 1.0

[node name="CollisionShape3D" type="CollisionShape3D" parent="Armature/Skeleton3D/PhysicalBoneSimulator3D/Physical Bone Chest" index="0" unique_id=1571849810]
transform = Transform3D(1, 3.687717e-12, -1.4185986e-11, -1.4033219e-13, 0, 0.9999989, 7.1054274e-15, -0.9999989, 0, 4.3434056e-10, 0, 0)
shape = SubResource("CapsuleShape3D_qhqgy")

[node name="Physical Bone Neck" type="PhysicalBone3D" parent="Armature/Skeleton3D/PhysicalBoneSimulator3D" index="2" unique_id=1323615104]
transform = Transform3D(0.99912673, 0.04053008, -0.01015099, 0.022268414, -0.7221176, -0.69141185, -0.035353184, 0.69058204, -0.7223896, 0.0018949694, 0.93148327, 0.47181547)
collision_layer = 4
joint_type = 2
joint_offset = Transform3D(1, 0, 0, 0, 1, 0, 0, 0, 1, -2.4785695e-06, -3.45325e-05, 0.18629222)
body_offset = Transform3D(1, -6.053597e-07, -6.3329935e-07, -5.569309e-07, -0.00029352307, -1.000002, 5.5879354e-07, 1.0000008, -0.00029072165, 2.5965273e-06, 0.18629259, 8.869171e-05)
mass = 5.0
bone_name = "Neck"
joint_constraints/swing_span = 45.0
joint_constraints/twist_span = 180.0
joint_constraints/bias = 0.3
joint_constraints/softness = 0.8
joint_constraints/relaxation = 1.0

[node name="CollisionShape3D" type="CollisionShape3D" parent="Armature/Skeleton3D/PhysicalBoneSimulator3D/Physical Bone Neck" index="0" unique_id=649033826]
transform = Transform3D(1, 0, 3.2827074e-12, 0, 0, 1, -7.1054274e-15, -1, 0, 4.2632564e-14, 5.9604645e-08, -0.08171332)
shape = SubResource("CapsuleShape3D_dqkch")

[node name="Physical Bone Shoulder_L" type="PhysicalBone3D" parent="Armature/Skeleton3D/PhysicalBoneSimulator3D" index="3" unique_id=1664289693]
transform = Transform3D(0.5134838, 0.32909876, -0.7924825, 0.7628384, 0.24784742, 0.5972012, 0.39295292, -0.91118914, -0.12378355, 0.0959647, 0.73178726, 0.3527278)
collision_layer = 4
joint_type = 2
joint_offset = Transform3D(1, 0, 0, 0, 1, 0, 0, 0, 1, -0.0012740255, 0.00012861997, 0.12032165)
body_offset = Transform3D(1.0000017, 0.0008854568, 7.962063e-05, 7.637963e-05, 0.0005827099, -1.000001, -0.0008852184, 0.99999946, 0.0005827844, 0.0012643337, 0.12032178, -0.00019986928)
mass = 5.0
bone_name = "Shoulder.L"
joint_constraints/swing_span = 45.0
joint_constraints/twist_span = 180.0
joint_constraints/bias = 0.3
joint_constraints/softness = 0.8
joint_constraints/relaxation = 1.0

[node name="CollisionShape3D" type="CollisionShape3D" parent="Armature/Skeleton3D/PhysicalBoneSimulator3D/Physical Bone Shoulder_L" index="0" unique_id=1404755105]
transform = Transform3D(1, 0, 0, 0, 0, 1, 0, -1, 0, 0, 0, 0)
shape = SubResource("CapsuleShape3D_qlg0r")

[node name="Physical Bone Front_Legs_1_L" type="PhysicalBone3D" parent="Armature/Skeleton3D/PhysicalBoneSimulator3D" index="4" unique_id=2015022700]
transform = Transform3D(0.99999106, 0.0041265115, -0.0010042458, -0.003058312, 0.8637604, 0.5038935, 0.00294675, -0.50388587, 0.86376524, 0.18931714, 0.57375884, 0.21838674)
collision_layer = 4
joint_type = 3
joint_offset = Transform3D(1, 0, 0, 0, 1, 0, 0, 0, 1, 0.0001717321, -0.00010905563, 0.17159352)
body_offset = Transform3D(1.0000002, -3.2659736e-05, 0.000114369206, 0.00011442439, 0.0006891787, -1.0000012, 3.2496755e-05, 1.0000014, 0.00069230795, -0.00019136071, 0.17159379, -9.745359e-06)
mass = 5.0
bone_name = "Front_Legs_1.L"
joint_constraints/angular_limit_enabled = false
joint_constraints/angular_limit_upper = 90.0
joint_constraints/angular_limit_lower = -90.0
joint_constraints/angular_limit_bias = 0.3
joint_constraints/angular_limit_softness = 0.9
joint_constraints/angular_limit_relaxation = 1.0

[node name="CollisionShape3D" type="CollisionShape3D" parent="Armature/Skeleton3D/PhysicalBoneSimulator3D/Physical Bone Front_Legs_1_L" index="0" unique_id=1331662647]
transform = Transform3D(0.9999926, 2.7066562e-09, 1.5716068e-09, -4.656613e-10, 2.682209e-07, 0.9999999, -1.1641532e-10, -0.99999887, -2.9802322e-07, 0, 0, 0)
shape = SubResource("CapsuleShape3D_tuyoq")

[node name="Physical Bone Front_Legs_2_L" type="PhysicalBone3D" parent="Armature/Skeleton3D/PhysicalBoneSimulator3D" index="5" unique_id=1931106188]
transform = Transform3D(0.99984306, -0.008830248, 0.015358982, -0.017713066, -0.4813731, 0.87633675, -0.00034487093, -0.87647134, -0.48145393, 0.18689546, 0.3160634, 0.16670613)
collision_layer = 4
joint_type = 3
joint_offset = Transform3D(1, 0, 0, 0, 1, 0, 0, 0, 1, -0.00021832118, 6.1589715e-05, 0.19675651)
body_offset = Transform3D(1.0000002, 2.0606094e-06, 6.2718755e-07, 7.752824e-07, 1.5199184e-06, -1.0000017, -1.976383e-06, 1.0000012, -1.6093254e-06, 0.0002181977, 0.19675684, -6.1273575e-05)
mass = 5.0
bone_name = "Front_Legs_2.L"
joint_constraints/angular_limit_enabled = false
joint_constraints/angular_limit_upper = 90.0
joint_constraints/angular_limit_lower = -90.0
joint_constraints/angular_limit_bias = 0.3
joint_constraints/angular_limit_softness = 0.9
joint_constraints/angular_limit_relaxation = 1.0

[node name="CollisionShape3D" type="CollisionShape3D" parent="Armature/Skeleton3D/PhysicalBoneSimulator3D/Physical Bone Front_Legs_2_L" index="0" unique_id=1075089931]
transform = Transform3D(1, 7.6397555e-11, 0, 6.170012e-09, 3.9488077e-07, 1, 1.8189894e-11, -1, 0, 2.9802322e-08, 0, -0.042060465)
shape = SubResource("CapsuleShape3D_fjrip")

[node name="Physical Bone Shoulder_R" type="PhysicalBone3D" parent="Armature/Skeleton3D/PhysicalBoneSimulator3D" index="6" unique_id=1116465958]
transform = Transform3D(0.51225686, -0.3288213, 0.7933912, -0.7636659, 0.24827807, 0.59596354, -0.3929471, -0.9111721, -0.123927474, -0.09597482, 0.73249006, 0.35223168)
collision_layer = 4
joint_type = 2
joint_offset = Transform3D(1, 0, 0, 0, 1, 0, 0, 0, 1, 0.0014444637, -0.000444364, 0.11985105)
body_offset = Transform3D(1.0000005, -0.001077801, 0.0013879649, 0.0013907701, 0.0001078099, -0.9999998, 0.0010773838, 0.9999993, 0.00010944903, -0.0016112924, 0.119849056, 0.00042968988)
mass = 5.0
bone_name = "Shoulder.R"
joint_constraints/swing_span = 45.0
joint_constraints/twist_span = 180.0
joint_constraints/bias = 0.3
joint_constraints/softness = 0.8
joint_constraints/relaxation = 1.0

[node name="CollisionShape3D" type="CollisionShape3D" parent="Armature/Skeleton3D/PhysicalBoneSimulator3D/Physical Bone Shoulder_R" index="0" unique_id=1201684627]
transform = Transform3D(1, 0, 0, 0, 0, 1, 0, -1, 0, 0, 0, 0)
shape = SubResource("CapsuleShape3D_smehm")

[node name="Physical Bone Front_Legs_1_R" type="PhysicalBone3D" parent="Armature/Skeleton3D/PhysicalBoneSimulator3D" index="7" unique_id=957199531]
transform = Transform3D(0.99999076, -0.004155389, 0.0011100939, 0.0030328173, 0.8642386, 0.5030731, -0.0030498502, -0.50306505, 0.8642432, -0.18931612, 0.5737783, 0.21836388)
collision_layer = 4
joint_type = 3
joint_offset = Transform3D(1, 0, 0, 0, 1, 0, 0, 0, 1, -0.00019037367, 2.5533907e-05, 0.17160338)
body_offset = Transform3D(0.9999997, 2.6730122e-06, -1.2438977e-05, -1.24371145e-05, -0.00026023388, -1.0000013, -2.8639333e-06, 1.0000014, -0.00025734305, 0.0001925081, 0.17160362, 1.8626451e-05)
mass = 5.0
bone_name = "Front_Legs_1.R"
joint_constraints/angular_limit_enabled = false
joint_constraints/angular_limit_upper = 90.0
joint_constraints/angular_limit_lower = -90.0
joint_constraints/angular_limit_bias = 0.3
joint_constraints/angular_limit_softness = 0.9
joint_constraints/angular_limit_relaxation = 1.0

[node name="CollisionShape3D" type="CollisionShape3D" parent="Armature/Skeleton3D/PhysicalBoneSimulator3D/Physical Bone Front_Legs_1_R" index="0" unique_id=1749442246]
transform = Transform3D(0.9999943, 1.2019882e-08, 9.313226e-10, 3.2945536e-08, -1.9669533e-06, 0.99999875, 1.3911631e-08, -0.9999961, -4.351139e-06, 0, 0, 0)
shape = SubResource("CapsuleShape3D_ur7pv")

[node name="Physical Bone Front_Legs_2_R" type="PhysicalBone3D" parent="Armature/Skeleton3D/PhysicalBoneSimulator3D" index="8" unique_id=644560060]
transform = Transform3D(0.999843, 0.008826822, -0.015365722, 0.017717319, -0.4813631, 0.8763423, 0.00033882525, -0.8764769, -0.4814439, -0.18657315, 0.3157745, 0.16678357)
collision_layer = 4
joint_type = 1
joint_offset = Transform3D(1, 0, 0, 0, 1, 0, 0, 0, 1, -9.75345e-05, -1.0294708e-05, 0.19705194)
body_offset = Transform3D(0.9999997, -5.081063e-06, -7.681258e-06, -7.5642893e-06, -9.775162e-06, -1.0000017, 5.012349e-06, 1.0000014, -1.2636185e-05, 9.904802e-05, 0.19705227, 1.2785196e-05)
mass = 5.0
bone_name = "Front_Legs_2.R"
joint_constraints/bias = 0.3
joint_constraints/damping = 1.0
joint_constraints/impulse_clamp = 0.0

[node name="CollisionShape3D" type="CollisionShape3D" parent="Armature/Skeleton3D/PhysicalBoneSimulator3D/Physical Bone Front_Legs_2_R" index="0" unique_id=818072302]
transform = Transform3D(0.9999958, 1.04944775e-07, -2.2118911e-09, -1.8044375e-09, -5.9604645e-08, 0.9999958, 7.409835e-08, -0.9999958, 3.1664968e-07, 2.9802322e-08, 0, -0.043600827)
shape = SubResource("CapsuleShape3D_y4r1p")

[node name="Physical Bone Hips_2_L" type="PhysicalBone3D" parent="Armature/Skeleton3D/PhysicalBoneSimulator3D" index="9" unique_id=1759728961]
transform = Transform3D(-0.16179653, 0.04600912, -0.98575103, 0.03310708, -0.9980971, -0.052019406, -0.9862687, -0.041051894, 0.15996541, 0.07559615, 0.7532436, -0.6121601)
collision_layer = 4
joint_type = 1
joint_offset = Transform3D(1, 0, 0, 0, 1, 0, 0, 0, 1, 0.00018404223, -0.0019913325, 0.076565616)
body_offset = Transform3D(1.0000001, 1.7691404e-05, 4.6610832e-05, 4.6506524e-05, -4.8210844e-05, -0.99999994, -1.6596168e-05, 1.0000029, -4.8138667e-05, -0.00018757582, 0.076565504, 0.001995027)
mass = 5.0
bone_name = "Hips_2.L"
joint_constraints/bias = 0.3
joint_constraints/damping = 1.0
joint_constraints/impulse_clamp = 0.0

[node name="CollisionShape3D" type="CollisionShape3D" parent="Armature/Skeleton3D/PhysicalBoneSimulator3D/Physical Bone Hips_2_L" index="0" unique_id=275378829]
transform = Transform3D(1, 0, 0, 0, 0, 1, 0, -1, 0, 0, 0, 0)
shape = SubResource("CapsuleShape3D_d2wvv")

[node name="Physical Bone Back_Legs_1_L" type="PhysicalBone3D" parent="Armature/Skeleton3D/PhysicalBoneSimulator3D" index="10" unique_id=533141096]
transform = Transform3D(0.9999965, 0.0014022312, -0.0022666228, 0.0023725473, -0.080827326, 0.9967253, 0.0012144343, -0.99672717, -0.080830365, 0.15022013, 0.4872918, -0.60221106)
collision_layer = 4
joint_type = 3
joint_offset = Transform3D(1, 0, 0, 0, 1, 0, 0, 0, 1, 0.00023912979, 7.564303e-05, 0.2727763)
body_offset = Transform3D(0.99999994, -1.3000099e-06, 3.839239e-06, 3.9125225e-06, 0.00029979646, -1.0000027, 1.1239899e-06, 1.0000004, 0.00029803067, -0.00024017692, 0.27277702, -0.00015693903)
mass = 5.0
bone_name = "Back_Legs_1.L"
joint_constraints/angular_limit_enabled = false
joint_constraints/angular_limit_upper = 90.0
joint_constraints/angular_limit_lower = -90.0
joint_constraints/angular_limit_bias = 0.3
joint_constraints/angular_limit_softness = 0.9
joint_constraints/angular_limit_relaxation = 1.0

[node name="CollisionShape3D" type="CollisionShape3D" parent="Armature/Skeleton3D/PhysicalBoneSimulator3D/Physical Bone Back_Legs_1_L" index="0" unique_id=760860374]
transform = Transform3D(1, 0, 0, 0, 0, 1, 0, -1, 0, 0, 0, 0)
shape = SubResource("CapsuleShape3D_3v2ag")

[node name="Physical Bone Back_Legs_2_L" type="PhysicalBone3D" parent="Armature/Skeleton3D/PhysicalBoneSimulator3D" index="11" unique_id=1959973049]
transform = Transform3D(0.9999782, -0.00458795, -0.0047591273, 0.005442415, 0.9800316, 0.19876756, 0.0037521592, -0.19878912, 0.9800351, 0.15184756, 0.18611506, -0.74417746)
collision_layer = 4
joint_type = 3
joint_offset = Transform3D(1, 0, 0, 0, 1, 0, 0, 0, 1, 1.7490574e-05, 4.2999e-05, 0.16679966)
body_offset = Transform3D(0.99999994, -1.2534205e-05, 1.6997335e-05, 1.6818289e-05, -0.0003349781, -1.0000006, 1.2467324e-05, 1.0000025, -0.00033265352, -2.0325184e-05, 0.16679978, 1.2487173e-05)
mass = 5.0
bone_name = "Back_Legs_2.L"
joint_constraints/angular_limit_enabled = false
joint_constraints/angular_limit_upper = 90.0
joint_constraints/angular_limit_lower = -90.0
joint_constraints/angular_limit_bias = 0.3
joint_constraints/angular_limit_softness = 0.9
joint_constraints/angular_limit_relaxation = 1.0

[node name="CollisionShape3D" type="CollisionShape3D" parent="Armature/Skeleton3D/PhysicalBoneSimulator3D/Physical Bone Back_Legs_2_L" index="0" unique_id=2057402020]
transform = Transform3D(1, 0, 0, 0, 0, 1, 0, -1, 0, 0, 0, 0)
shape = SubResource("CapsuleShape3D_jej6c")

[node name="Physical Bone Hips_2_R" type="PhysicalBone3D" parent="Armature/Skeleton3D/PhysicalBoneSimulator3D" index="12" unique_id=1919683566]
transform = Transform3D(-0.16181727, -0.046005376, 0.9857478, -0.033100847, -0.99809754, -0.05201548, 0.9862655, -0.041046087, 0.1599866, -0.074969135, 0.75546277, -0.6122606)
collision_layer = 4
joint_type = 1
joint_offset = Transform3D(1, 0, 0, 0, 1, 0, 0, 0, 1, 8.835142e-05, 0.00024863015, 0.07607906)
body_offset = Transform3D(1.0000001, -1.257658e-05, -2.5257468e-05, -2.5212765e-05, -5.2855816e-05, -1.0000001, 1.1511147e-05, 1.0000029, -5.276641e-05, -8.6426735e-05, 0.076079085, -0.00024461746)
mass = 5.0
bone_name = "Hips_2.R"
joint_constraints/bias = 0.3
joint_constraints/damping = 1.0
joint_constraints/impulse_clamp = 0.0

[node name="CollisionShape3D" type="CollisionShape3D" parent="Armature/Skeleton3D/PhysicalBoneSimulator3D/Physical Bone Hips_2_R" index="0" unique_id=1194215393]
transform = Transform3D(1, 0, 0, 0, 0, 1, 0, -1, 0, 0, 0, 0)
shape = SubResource("CapsuleShape3D_f1ej7")

[node name="Physical Bone Back_Legs_1_R" type="PhysicalBone3D" parent="Armature/Skeleton3D/PhysicalBoneSimulator3D" index="13" unique_id=682677476]
transform = Transform3D(0.9999965, -0.0014042691, 0.0022689227, -0.0023750416, -0.08085773, 0.9967229, -0.0012162072, -0.9967247, -0.08086078, -0.15049753, 0.48930103, -0.60292304)
collision_layer = 4
joint_type = 3
joint_offset = Transform3D(1, 0, 0, 0, 1, 0, 0, 0, 1, 4.157393e-05, -0.0004803307, 0.27071676)
body_offset = Transform3D(1.0000004, -3.2933895e-07, -1.5406986e-06, -1.4525867e-06, 0.00033001602, -1.0000026, 3.600726e-07, 1.0000005, 0.00032841414, -4.1157007e-05, 0.27071762, 0.0003914237)
mass = 5.0
bone_name = "Back_Legs_1.R"
joint_constraints/angular_limit_enabled = false
joint_constraints/angular_limit_upper = 90.0
joint_constraints/angular_limit_lower = -90.0
joint_constraints/angular_limit_bias = 0.3
joint_constraints/angular_limit_softness = 0.9
joint_constraints/angular_limit_relaxation = 1.0

[node name="CollisionShape3D" type="CollisionShape3D" parent="Armature/Skeleton3D/PhysicalBoneSimulator3D/Physical Bone Back_Legs_1_R" index="0" unique_id=566658485]
transform = Transform3D(1, 0, 0, 0, 0, 1, 0, -1, 0, 0, 0, 0)
shape = SubResource("CapsuleShape3D_oprun")

[node name="Physical Bone Back_Legs_2_R" type="PhysicalBone3D" parent="Armature/Skeleton3D/PhysicalBoneSimulator3D" index="14" unique_id=709029697]
transform = Transform3D(0.9999782, 0.0045797713, 0.004775554, -0.0054372824, 0.98005176, 0.19866824, -0.0037704348, -0.19868986, 0.9800552, -0.15199767, 0.18613508, -0.7441504)
collision_layer = 4
joint_type = 3
joint_offset = Transform3D(1, 0, 0, 0, 1, 0, 0, 0, 1, 0.00013003046, 4.6360583e-05, 0.16677004)
body_offset = Transform3D(1.0000005, 3.8633007e-06, -5.5506825e-07, -5.054753e-07, -0.000436306, -1.0000006, -3.9641163e-06, 1.0000023, -0.00043417513, -0.00012993813, 0.16677016, 2.604723e-05)
mass = 5.0
bone_name = "Back_Legs_2.R"
joint_constraints/angular_limit_enabled = false
joint_constraints/angular_limit_upper = 90.0
joint_constraints/angular_limit_lower = -90.0
joint_constraints/angular_limit_bias = 0.3
joint_constraints/angular_limit_softness = 0.9
joint_constraints/angular_limit_relaxation = 1.0

[node name="CollisionShape3D" type="CollisionShape3D" parent="Armature/Skeleton3D/PhysicalBoneSimulator3D/Physical Bone Back_Legs_2_R" index="0" unique_id=1153286215]
transform = Transform3D(1, 0, 0, 0, 0, 1, 0, -1, 0, 0, 0, 0)
shape = SubResource("CapsuleShape3D_a8ls1")

[node name="AnimationPlayer" parent="." index="1" unique_id=725640367]
speed_scale = 1.5

[node name="AnimationTree" type="AnimationTree" parent="." index="2" unique_id=280123688]
tree_root = SubResource("AnimationNodeBlendTree_smehm")
anim_player = NodePath("../AnimationPlayer")
parameters/MoveBlend/blend_amount = 1.0
parameters/Overlay/blend_amount = 0.0
parameters/AttackLayer/blend_amount = 0.0
