[gd_scene format=3 uid="uid://bw17kijm22g0j"]

[ext_resource type="PackedScene" uid="uid://dsnegvf4agyux" path="res://assets/meshes/player.blend" id="1_g2els"]
[ext_resource type="Script" uid="uid://bwxv2gls5ckf3" path="res://scripts/npc/ragdoll.gd" id="2_dqkch"]
[ext_resource type="Material" uid="uid://dpqejqlhrqu74" path="res://materials/player.tres" id="2_qhqgy"]

[sub_resource type="CapsuleShape3D" id="CapsuleShape3D_g2els"]
radius = 0.087890625
height = 0.46463582

[sub_resource type="CapsuleShape3D" id="CapsuleShape3D_qhqgy"]
radius = 0.08935547
height = 0.5085108

[sub_resource type="CapsuleShape3D" id="CapsuleShape3D_dqkch"]
radius = 0.104003906
height = 0.5343918

[sub_resource type="CapsuleShape3D" id="CapsuleShape3D_qlg0r"]
radius = 0.023882013
height = 0.23882014

[sub_resource type="CapsuleShape3D" id="CapsuleShape3D_tuyoq"]
radius = 0.05078125
height = 0.34108496

[sub_resource type="CapsuleShape3D" id="CapsuleShape3D_fjrip"]
radius = 0.03900503
height = 0.47417134

[sub_resource type="CapsuleShape3D" id="CapsuleShape3D_smehm"]
radius = 0.023882015
height = 0.23882015

[sub_resource type="CapsuleShape3D" id="CapsuleShape3D_ur7pv"]
radius = 0.049316406
height = 0.34108475

[sub_resource type="CapsuleShape3D" id="CapsuleShape3D_y4r1p"]
radius = 0.039005015
height = 0.47725165

[sub_resource type="CapsuleShape3D" id="CapsuleShape3D_d2wvv"]
radius = 0.01520084
height = 0.1520084

[sub_resource type="CapsuleShape3D" id="CapsuleShape3D_3v2ag"]
radius = 0.054161977
height = 0.5416198

[sub_resource type="CapsuleShape3D" id="CapsuleShape3D_jej6c"]
radius = 0.03317328
height = 0.3317328

[sub_resource type="CapsuleShape3D" id="CapsuleShape3D_f1ej7"]
radius = 0.015200838
height = 0.15200838

[sub_resource type="CapsuleShape3D" id="CapsuleShape3D_oprun"]
radius = 0.054161973
height = 0.5416197

[sub_resource type="CapsuleShape3D" id="CapsuleShape3D_a8ls1"]
radius = 0.03317327
height = 0.33173272

[sub_resource type="AnimationNodeAnimation" id="AnimationNodeAnimation_qhqgy"]
animation = &"Run"

[sub_resource type="AnimationNodeAnimation" id="AnimationNodeAnimation_tuyoq"]
animation = &"Attack"

[sub_resource type="AnimationNodeBlend2" id="AnimationNodeBlend2_smehm"]
filter_enabled = true
filters = ["", "Armature/Skeleton3D:Back_IK.L", "Armature/Skeleton3D:Back_IK.R", "Armature/Skeleton3D:Chest", "Armature/Skeleton3D:Front_IK.L", "Armature/Skeleton3D:Front_IK.R", "Armature/Skeleton3D:Head_2", "Armature/Skeleton3D:Head_Rotation_Isolate", "Armature/Skeleton3D:Hips", "Armature/Skeleton3D:Neck"]

[sub_resource type="AnimationNodeAnimation" id="AnimationNodeAnimation_qlg0r"]
animation = &"Idle"

[sub_resource type="AnimationNodeBlend2" id="AnimationNodeBlend2_tuyoq"]

[sub_resource type="AnimationNodeBlend2" id="AnimationNodeBlend2_fjrip"]
filter_enabled = true
filters = ["Armature/Skeleton3D:Head_2", "Armature/Skeleton3D:Head_Rotation_Isolate", "Armature/Skeleton3D:Neck"]

[sub_resource type="AnimationNodeAnimation" id="AnimationNodeAnimation_dqkch"]
animation = &"Geek Hit"

[sub_resource type="AnimationNodeBlendTree" id="AnimationNodeBlendTree_smehm"]
graph_offset = Vector2(-401.67847, 20.235504)
nodes/output/position = Vector2(1100, 140)
nodes/MoveBlend/node = SubResource("AnimationNodeBlend2_tuyoq")
nodes/MoveBlend/position = Vector2(280, 140)
nodes/Idle/node = SubResource("AnimationNodeAnimation_qlg0r")
nodes/Idle/position = Vector2(0, 140)
"nodes/Animation 2/node" = SubResource("AnimationNodeAnimation_qhqgy")
"nodes/Animation 2/position" = Vector2(40, 320)
nodes/Overlay/node = SubResource("AnimationNodeBlend2_fjrip")
nodes/Overlay/position = Vector2(640, 80)
nodes/Use/node = SubResource("AnimationNodeAnimation_dqkch")
nodes/Use/position = Vector2(440, 300)
nodes/AttackLayer/node = SubResource("AnimationNodeBlend2_smehm")
nodes/AttackLayer/position = Vector2(840, 120)
nodes/Animation/node = SubResource("AnimationNodeAnimation_tuyoq")
nodes/Animation/position = Vector2(660, 420)
node_connections = [&"output", 0, &"AttackLayer", &"MoveBlend", 0, &"Idle", &"MoveBlend", 1, &"Animation 2", &"Overlay", 0, &"MoveBlend", &"Overlay", 1, &"Use", &"AttackLayer", 0, &"Overlay", &"AttackLayer", 1, &"Animation"]

[node name="Player" unique_id=589952143 node_paths=PackedStringArray("phys_bone_simulator", "animation_tree") instance=ExtResource("1_g2els")]
script = ExtResource("2_dqkch")
phys_bone_simulator = NodePath("Armature/Skeleton3D/PhysicalBoneSimulator3D")
animation_tree = NodePath("AnimationTree")

[node name="Skeleton3D" parent="Armature" parent_id_path=PackedInt32Array(1121959779) index="0" unique_id=1109858124]
bones/0/position = Vector3(1.03357316e-07, 0.96325463, -0.5974563)
bones/0/rotation = Quaternion(0.7858491, 1.67556e-05, -4.225291e-05, 0.6184182)
bones/1/rotation = Quaternion(-0.26873434, 8.9189865e-07, 2.1085742e-07, 0.9632144)
bones/2/rotation = Quaternion(-0.40593585, -0.00014303956, 0.0003739429, 0.9139015)
bones/3/rotation = Quaternion(0.55907613, -0.0001558476, 0.00033151804, 0.82911617)
bones/5/rotation = Quaternion(0.08033242, -0.14532368, 0.47394472, 0.86475676)
bones/6/rotation = Quaternion(-0.114168376, 0.00026644694, 0.0012976934, 0.9934606)
bones/7/rotation = Quaternion(-0.44998202, 0.0031369552, -0.0034686818, 0.89302534)
bones/9/rotation = Quaternion(0.08029208, 0.14535405, -0.47388265, 0.8647894)
bones/10/rotation = Quaternion(-0.11401653, -0.0002612113, -0.0012708262, 0.993478)
bones/11/rotation = Quaternion(-0.45006523, -0.0030040005, 0.0034063722, 0.8929842)
bones/13/rotation = Quaternion(0.5072117, 0.57634526, 0.49916607, 0.40174094)
bones/14/rotation = Quaternion(0.13228479, 8.808989e-05, -0.00051816436, 0.99121165)
bones/15/rotation = Quaternion(-0.6332542, -0.0010362865, 0.0016419046, 0.7739415)
bones/17/rotation = Quaternion(-0.50726694, 0.57635236, 0.49914452, -0.4016876)
bones/18/rotation = Quaternion(0.13214773, -8.52935e-05, 0.00050137757, 0.99122995)
bones/19/rotation = Quaternion(-0.63319767, 0.0010914669, -0.0015959807, 0.7739878)
bones/20/position = Vector3(0.1837084, 0.14667849, 0.25971076)
bones/20/rotation = Quaternion(0.90245605, -0.00044592973, 0.0008525462, 0.43078107)
bones/21/position = Vector3(0.15265596, 0.15327668, -0.9057999)
bones/21/rotation = Quaternion(0.9063308, 5.1986795e-08, 1.1150191e-07, 0.4225689)
bones/22/position = Vector3(-0.1837084, 0.14667849, 0.25971076)
bones/22/rotation = Quaternion(0.90245605, 0.00044592973, -0.0008525462, 0.43078107)
bones/23/position = Vector3(-0.15265596, 0.15327668, -0.9057999)
bones/23/rotation = Quaternion(0.9063308, -5.1986795e-08, -1.1150191e-07, 0.4225689)
bones/24/position = Vector3(-0.00010657824, 1.3451008, 0.49287817)
bones/24/rotation = Quaternion(0.72239345, -0.00035881414, 0.00061930285, 0.691482)

[node name="back legs" parent="Armature/Skeleton3D" index="0" unique_id=2112337473]
surface_material_override/0 = ExtResource("2_qhqgy")

[node name="body" parent="Armature/Skeleton3D" index="1" unique_id=1543179721]
surface_material_override/0 = ExtResource("2_qhqgy")

[node name="front legs" parent="Armature/Skeleton3D" index="2" unique_id=1554871144]
surface_material_override/0 = ExtResource("2_qhqgy")

[node name="Head" parent="Armature/Skeleton3D" index="3" unique_id=1851889752]
surface_material_override/0 = ExtResource("2_qhqgy")

[node name="Tail" parent="Armature/Skeleton3D" index="4" unique_id=1636507715]
surface_material_override/0 = ExtResource("2_qhqgy")

[node name="PhysicalBoneSimulator3D" type="PhysicalBoneSimulator3D" parent="Armature/Skeleton3D" index="5" unique_id=699672348]

[node name="Physical Bone Hips" type="PhysicalBone3D" parent="Armature/Skeleton3D/PhysicalBoneSimulator3D" index="0" unique_id=194911851]
transform = Transform3D(1, -4.5688226e-05, -7.855769e-05, -2.5931178e-05, -0.9719509, 0.2351842, -8.709936e-05, -0.2351842, -0.9719509, 1.82943e-05, 0.90813196, -0.37117195)
collision_layer = 4
joint_type = 2
joint_offset = Transform3D(1, 0, 0, 0, 1, 0, 0, 0, 1, 8.8881e-08, -0.00035804618, 0.23290122)
body_offset = Transform3D(1, 2.0299922e-09, 3.387686e-08, 3.3869583e-08, -6.830692e-05, -1.0000001, -2.0318112e-09, 1.0000032, -6.8321824e-05, -9.6770236e-08, 0.23290122, 0.00037395954)
mass = 5.0
bone_name = "Hips"
joint_constraints/swing_span = 45.0
joint_constraints/twist_span = 180.0
joint_constraints/bias = 0.3
joint_constraints/softness = 0.8
joint_constraints/relaxation = 1.0

[node name="CollisionShape3D" type="CollisionShape3D" parent="Armature/Skeleton3D/PhysicalBoneSimulator3D/Physical Bone Hips" index="0" unique_id=453916163]
transform = Transform3D(1, 0, -1.6342483e-13, 7.81597e-13, 0, 1.0000002, 0, -1.0000002, 0, -1.2346391e-09, 0, 0)
shape = SubResource("CapsuleShape3D_g2els")

[node name="Physical Bone Chest" type="PhysicalBone3D" parent="Armature/Skeleton3D/PhysicalBoneSimulator3D" index="1" unique_id=237945398]
transform = Transform3D(1, 3.2233368e-06, -9.0115e-05, -2.4147079e-05, -0.95329, -0.30205685, -8.687935e-05, 0.30205688, -0.9532899, 5.408306e-05, 0.9307874, 0.0971273)
collision_layer = 4
joint_type = 2
joint_offset = Transform3D(1, 0, 0, 0, 1, 0, 0, 0, 1, 5.501475e-06, -0.00020101917, 0.25481465)
body_offset = Transform3D(1, 1.3680619e-08, -1.0696385e-07, -1.069493e-07, 3.0398369e-05, -1.0000008, -1.3689714e-08, 1.0000023, 3.311038e-05, -5.474216e-06, 0.25481486, 0.0001925826)
mass = 5.0
bone_name = "Chest"
joint_constraints/swing_span = 45.0
joint_constraints/twist_span = 180.0
joint_constraints/bias = 0.3
joint_constraints/softness = 0.8
joint_constraints/relaxation = 1.0

[node name="CollisionShape3D" type="CollisionShape3D" parent="Armature/Skeleton3D/PhysicalBoneSimulator3D/Physical Bone Chest" index="0" unique_id=1571849810]
transform = Transform3D(1, 3.687717e-12, -1.4185986e-11, -1.4033219e-13, 0, 0.9999989, 7.1054274e-15, -0.9999989, 0, 4.3434056e-10, 0, 0)
shape = SubResource("CapsuleShape3D_qhqgy")

[node name="Physical Bone Neck" type="PhysicalBone3D" parent="Armature/Skeleton3D/PhysicalBoneSimulator3D" index="2" unique_id=1323615104]
transform = Transform3D(0.99999976, -0.0004963843, 0.0005087014, 0.00025661357, -0.41529432, -0.9096871, 0.00066281523, 0.9096869, -0.41529414, -8.758827e-06, 1.1769758, 0.4162813)
collision_layer = 4
joint_type = 2
joint_offset = Transform3D(1, 0, 0, 0, 1, 0, 0, 0, 1, -3.5937205e-06, -3.357225e-05, 0.1862138)
body_offset = Transform3D(1.0000001, -4.25498e-07, -8.4447674e-07, -8.418865e-07, -0.00029358268, -1.0000029, 4.246831e-07, 1, -0.00029248, 3.7509599e-06, 0.18621433, 8.803606e-05)
mass = 5.0
bone_name = "Neck"
joint_constraints/swing_span = 45.0
joint_constraints/twist_span = 180.0
joint_constraints/bias = 0.3
joint_constraints/softness = 0.8
joint_constraints/relaxation = 1.0

[node name="CollisionShape3D" type="CollisionShape3D" parent="Armature/Skeleton3D/PhysicalBoneSimulator3D/Physical Bone Neck" index="0" unique_id=649033826]
transform = Transform3D(1, 0, 3.2827074e-12, 0, 0, 1, -7.1054274e-15, -1, 0, 4.2632564e-14, 5.9604645e-08, -0.08171332)
shape = SubResource("CapsuleShape3D_dqkch")

[node name="Physical Bone Shoulder_L" type="PhysicalBone3D" parent="Armature/Skeleton3D/PhysicalBoneSimulator3D" index="3" unique_id=1664289693]
transform = Transform3D(0.5136249, 0.32896313, -0.7924474, 0.7616029, 0.25055963, 0.5976462, 0.39515883, -0.9104962, -0.12184561, 0.09596317, 0.9366262, 0.35416538)
collision_layer = 4
joint_type = 2
joint_offset = Transform3D(1, 0, 0, 0, 1, 0, 0, 0, 1, -0.0012232765, 0.00012362597, 0.1202517)
body_offset = Transform3D(1.0000019, 0.0007933676, 0.00015344098, 0.00015027821, 0.00056346506, -1.000001, -0.0007933676, 0.9999995, 0.0005633831, 0.0012047291, 0.120251924, -0.00019234419)
mass = 5.0
bone_name = "Shoulder.L"
joint_constraints/swing_span = 45.0
joint_constraints/twist_span = 180.0
joint_constraints/bias = 0.3
joint_constraints/softness = 0.8
joint_constraints/relaxation = 1.0

[node name="CollisionShape3D" type="CollisionShape3D" parent="Armature/Skeleton3D/PhysicalBoneSimulator3D/Physical Bone Shoulder_L" index="0" unique_id=1404755105]
transform = Transform3D(1, 0, 0, 0, 0, 1, 0, -1, 0, 0, 0, 0)
shape = SubResource("CapsuleShape3D_qlg0r")

[node name="Physical Bone Front_Legs_1_L" type="PhysicalBone3D" parent="Armature/Skeleton3D/PhysicalBoneSimulator3D" index="4" unique_id=2015022700]
transform = Transform3D(0.9999787, 0.0006371516, 0.006497101, -0.0064305933, 0.26764974, 0.96349484, -0.0011250549, -0.96351606, 0.26764816, 0.18810901, 0.69969535, 0.32189977)
collision_layer = 4
joint_type = 3
joint_offset = Transform3D(1, 0, 0, 0, 1, 0, 0, 0, 1, 0.00017425489, -0.00010541726, 0.17152071)
body_offset = Transform3D(1.0000001, -3.3586053e-05, 0.00011621608, 0.00011622315, 0.0006763637, -1.0000029, 3.341958e-05, 0.9999997, 0.0006765127, -0.00019419193, 0.17152125, -1.0624528e-05)
mass = 5.0
bone_name = "Front_Legs_1.L"
joint_constraints/angular_limit_enabled = false
joint_constraints/angular_limit_upper = 90.0
joint_constraints/angular_limit_lower = -90.0
joint_constraints/angular_limit_bias = 0.3
joint_constraints/angular_limit_softness = 0.9
joint_constraints/angular_limit_relaxation = 1.0

[node name="CollisionShape3D" type="CollisionShape3D" parent="Armature/Skeleton3D/PhysicalBoneSimulator3D/Physical Bone Front_Legs_1_L" index="0" unique_id=1331662647]
transform = Transform3D(0.9999926, 2.7066562e-09, 1.5716068e-09, -4.656613e-10, 2.682209e-07, 0.9999999, -1.1641532e-10, -0.99999887, -2.9802322e-07, 0, 0, 0)
shape = SubResource("CapsuleShape3D_tuyoq")

[node name="Physical Bone Front_Legs_2_L" type="PhysicalBone3D" parent="Armature/Skeleton3D/PhysicalBoneSimulator3D" index="5" unique_id=1931106188]
transform = Transform3D(0.9999593, -0.0005553619, 0.009007149, -0.008975139, 0.04278803, 0.99904394, -0.00094022905, -0.999084, 0.042781305, 0.18551794, 0.3401544, 0.26798555)
collision_layer = 4
joint_type = 3
joint_offset = Transform3D(1, 0, 0, 0, 1, 0, 0, 0, 1, -6.551426e-05, -8.21419e-06, 0.19638741)
body_offset = Transform3D(1.0000001, 1.4114194e-06, 7.27563e-07, 7.480485e-07, -4.3176115e-06, -1.0000032, -1.4971592e-06, 1.0000002, -5.52088e-06, 6.5371394e-05, 0.19638804, 9.298325e-06)
mass = 5.0
bone_name = "Front_Legs_2.L"
joint_constraints/angular_limit_enabled = false
joint_constraints/angular_limit_upper = 90.0
joint_constraints/angular_limit_lower = -90.0
joint_constraints/angular_limit_bias = 0.3
joint_constraints/angular_limit_softness = 0.9
joint_constraints/angular_limit_relaxation = 1.0

[node name="CollisionShape3D" type="CollisionShape3D" parent="Armature/Skeleton3D/PhysicalBoneSimulator3D/Physical Bone Front_Legs_2_L" index="0" unique_id=1075089931]
transform = Transform3D(1, 7.6397555e-11, 0, 6.170012e-09, 3.9488077e-07, 1, 1.8189894e-11, -1, 0, 2.9802322e-08, 0, -0.042060465)
shape = SubResource("CapsuleShape3D_fjrip")

[node name="Physical Bone Shoulder_R" type="PhysicalBone3D" parent="Armature/Skeleton3D/PhysicalBoneSimulator3D" index="6" unique_id=1116465958]
transform = Transform3D(0.5122493, -0.32892105, 0.79335475, -0.7624322, 0.25106686, 0.5963746, -0.39534518, -0.9103716, -0.12217119, -0.09582908, 0.93730116, 0.35371265)
collision_layer = 4
joint_type = 2
joint_offset = Transform3D(1, 0, 0, 0, 1, 0, 0, 0, 1, 0.0013866919, -0.0004299429, 0.1198199)
body_offset = Transform3D(1.0000005, -0.0010974705, 0.0013233423, 0.0013261959, 0.00012869388, -0.99999976, 0.0010970831, 0.9999993, 0.00013019145, -0.0015457273, 0.11981809, 0.00041282177)
mass = 5.0
bone_name = "Shoulder.R"
joint_constraints/swing_span = 45.0
joint_constraints/twist_span = 180.0
joint_constraints/bias = 0.3
joint_constraints/softness = 0.8
joint_constraints/relaxation = 1.0

[node name="CollisionShape3D" type="CollisionShape3D" parent="Armature/Skeleton3D/PhysicalBoneSimulator3D/Physical Bone Shoulder_R" index="0" unique_id=1201684627]
transform = Transform3D(1, 0, 0, 0, 0, 1, 0, -1, 0, 0, 0, 0)
shape = SubResource("CapsuleShape3D_smehm")

[node name="Physical Bone Front_Legs_1_R" type="PhysicalBone3D" parent="Armature/Skeleton3D/PhysicalBoneSimulator3D" index="7" unique_id=957199531]
transform = Transform3D(0.9999806, -0.00081356027, -0.00617784, 0.0061694947, 0.26842496, 0.96328086, 0.00087459927, -0.9633003, 0.26842475, -0.1881905, 0.6997019, 0.3219199)
collision_layer = 4
joint_type = 3
joint_offset = Transform3D(1, 0, 0, 0, 1, 0, 0, 0, 1, 1.5567575e-05, 2.1006614e-05, 0.17152484)
body_offset = Transform3D(0.99999964, 2.2102613e-06, -1.1617318e-05, -1.1584445e-05, -0.00024992228, -1.000003, -2.3339526e-06, 0.99999994, -0.00024965405, -1.3574958e-05, 0.17152536, 2.18153e-05)
mass = 5.0
bone_name = "Front_Legs_1.R"
joint_constraints/angular_limit_enabled = false
joint_constraints/angular_limit_upper = 90.0
joint_constraints/angular_limit_lower = -90.0
joint_constraints/angular_limit_bias = 0.3
joint_constraints/angular_limit_softness = 0.9
joint_constraints/angular_limit_relaxation = 1.0

[node name="CollisionShape3D" type="CollisionShape3D" parent="Armature/Skeleton3D/PhysicalBoneSimulator3D/Physical Bone Front_Legs_1_R" index="0" unique_id=1749442246]
transform = Transform3D(0.9999943, 1.2019882e-08, 9.313226e-10, 3.2945536e-08, -1.9669533e-06, 0.99999875, 1.3911631e-08, -0.9999961, -4.351139e-06, 0, 0, 0)
shape = SubResource("CapsuleShape3D_ur7pv")

[node name="Physical Bone Front_Legs_2_R" type="PhysicalBone3D" parent="Armature/Skeleton3D/PhysicalBoneSimulator3D" index="8" unique_id=644560060]
transform = Transform3D(0.9999614, 0.00036942714, -0.008783358, 0.008759368, 0.042975307, 0.9990378, 0.0007465392, -0.99907607, 0.04297041, -0.18523894, 0.33960646, 0.26798648)
collision_layer = 4
joint_type = 1
joint_offset = Transform3D(1, 0, 0, 0, 1, 0, 0, 0, 1, -0.00016262311, -1.9055842e-05, 0.19693722)
body_offset = Transform3D(0.9999996, -5.2028336e-06, -8.21408e-06, -8.171963e-06, -7.737428e-06, -1.000003, 5.089736e-06, 1.0000001, -8.862466e-06, 0.0001642406, 0.1969378, 2.0802021e-05)
mass = 5.0
bone_name = "Front_Legs_2.R"
joint_constraints/bias = 0.3
joint_constraints/damping = 1.0
joint_constraints/impulse_clamp = 0.0

[node name="CollisionShape3D" type="CollisionShape3D" parent="Armature/Skeleton3D/PhysicalBoneSimulator3D/Physical Bone Front_Legs_2_R" index="0" unique_id=818072302]
transform = Transform3D(0.9999958, 1.04944775e-07, -2.2118911e-09, -1.8044375e-09, -5.9604645e-08, 0.9999958, 7.409835e-08, -0.9999958, 3.1664968e-07, 2.9802322e-08, 0, -0.043600827)
shape = SubResource("CapsuleShape3D_y4r1p")

[node name="Physical Bone Hips_2_L" type="PhysicalBone3D" parent="Armature/Skeleton3D/PhysicalBoneSimulator3D" index="9" unique_id=1759728961]
transform = Transform3D(-0.16189764, 0.04599469, -0.9857351, 0.04539183, -0.9975088, -0.053999227, -0.985763, -0.053486675, 0.15940653, 0.07553713, 0.9654271, -0.60958415)
collision_layer = 4
joint_type = 1
joint_offset = Transform3D(1, 0, 0, 0, 1, 0, 0, 0, 1, 0.00017543515, -0.0019559034, 0.076510064)
body_offset = Transform3D(1, 2.0816922e-05, 2.989173e-05, 2.9817224e-05, -3.375113e-05, -0.9999999, -1.9673258e-05, 1.0000031, -3.3675693e-05, -0.00017768145, 0.07650998, 0.0019584894)
mass = 5.0
bone_name = "Hips_2.L"
joint_constraints/bias = 0.3
joint_constraints/damping = 1.0
joint_constraints/impulse_clamp = 0.0

[node name="CollisionShape3D" type="CollisionShape3D" parent="Armature/Skeleton3D/PhysicalBoneSimulator3D/Physical Bone Hips_2_L" index="0" unique_id=275378829]
transform = Transform3D(1, 0, 0, 0, 0, 1, 0, -1, 0, 0, 0, 0)
shape = SubResource("CapsuleShape3D_d2wvv")

[node name="Physical Bone Back_Legs_1_L" type="PhysicalBone3D" parent="Armature/Skeleton3D/PhysicalBoneSimulator3D" index="10" unique_id=533141096]
transform = Transform3D(0.99999595, 0.0002406189, -0.0028369296, 0.0027044406, 0.23119457, 0.97290385, 0.0008899817, -0.97290754, 0.23119299, 0.15071619, 0.7061912, -0.68464315)
collision_layer = 4
joint_type = 3
joint_offset = Transform3D(1, 0, 0, 0, 1, 0, 0, 0, 1, -0.000103545935, 8.436615e-05, 0.27264556)
body_offset = Transform3D(1, -5.956972e-07, 3.1618983e-06, 3.1280942e-06, 0.00029619038, -1.0000031, 4.125759e-07, 1.0000002, 0.00029613078, 0.0001026839, 0.27264637, -0.00016510487)
mass = 5.0
bone_name = "Back_Legs_1.L"
joint_constraints/angular_limit_enabled = false
joint_constraints/angular_limit_upper = 90.0
joint_constraints/angular_limit_lower = -90.0
joint_constraints/angular_limit_bias = 0.3
joint_constraints/angular_limit_softness = 0.9
joint_constraints/angular_limit_relaxation = 1.0

[node name="CollisionShape3D" type="CollisionShape3D" parent="Armature/Skeleton3D/PhysicalBoneSimulator3D/Physical Bone Back_Legs_1_L" index="0" unique_id=760860374]
transform = Transform3D(1, 0, 0, 0, 0, 1, 0, -1, 0, 0, 0, 0)
shape = SubResource("CapsuleShape3D_3v2ag")

[node name="Physical Bone Back_Legs_2_L" type="PhysicalBone3D" parent="Armature/Skeleton3D/PhysicalBoneSimulator3D" index="11" unique_id=1959973049]
transform = Transform3D(0.99999255, -0.0004890127, -0.0038374339, 0.0036031557, 0.4787735, 0.87793106, 0.0014079424, -0.87793833, 0.4787717, 0.15206572, 0.29817992, -0.8268532)
collision_layer = 4
joint_type = 3
joint_offset = Transform3D(1, 0, 0, 0, 1, 0, 0, 0, 1, -4.8492424e-05, 3.6320285e-05, 0.16671689)
body_offset = Transform3D(1, -1.250417e-05, 1.6741047e-05, 1.6650534e-05, -0.00031003356, -1.0000029, 1.2343749e-05, 1.0000004, -0.00030866265, 4.570186e-05, 0.16671738, 1.513958e-05)
mass = 5.0
bone_name = "Back_Legs_2.L"
joint_constraints/angular_limit_enabled = false
joint_constraints/angular_limit_upper = 90.0
joint_constraints/angular_limit_lower = -90.0
joint_constraints/angular_limit_bias = 0.3
joint_constraints/angular_limit_softness = 0.9
joint_constraints/angular_limit_relaxation = 1.0

[node name="CollisionShape3D" type="CollisionShape3D" parent="Armature/Skeleton3D/PhysicalBoneSimulator3D/Physical Bone Back_Legs_2_L" index="0" unique_id=2057402020]
transform = Transform3D(1, 0, 0, 0, 0, 1, 0, -1, 0, 0, 0, 0)
shape = SubResource("CapsuleShape3D_jej6c")

[node name="Physical Bone Hips_2_R" type="PhysicalBone3D" parent="Armature/Skeleton3D/PhysicalBoneSimulator3D" index="12" unique_id=1919683566]
transform = Transform3D(-0.16174756, -0.046046775, 0.9857573, -0.04537509, -0.9975073, -0.05404099, 0.98578846, -0.053469826, 0.15925498, -0.07494189, 0.9676949, -0.60963964)
collision_layer = 4
joint_type = 1
joint_offset = Transform3D(1, 0, 0, 0, 1, 0, 0, 0, 1, 9.006935e-05, 0.00032688092, 0.076054625)
body_offset = Transform3D(1.0000002, -1.2744218e-05, -1.0222197e-05, -1.0207295e-05, -3.9422885e-05, -1.0000001, 1.1686236e-05, 1.0000029, -3.9330684e-05, -8.928776e-05, 0.07605465, -0.00032389164)
mass = 5.0
bone_name = "Hips_2.R"
joint_constraints/bias = 0.3
joint_constraints/damping = 1.0
joint_constraints/impulse_clamp = 0.0

[node name="CollisionShape3D" type="CollisionShape3D" parent="Armature/Skeleton3D/PhysicalBoneSimulator3D/Physical Bone Hips_2_R" index="0" unique_id=1194215393]
transform = Transform3D(1, 0, 0, 0, 0, 1, 0, -1, 0, 0, 0, 0)
shape = SubResource("CapsuleShape3D_f1ej7")

[node name="Physical Bone Back_Legs_1_R" type="PhysicalBone3D" parent="Armature/Skeleton3D/PhysicalBoneSimulator3D" index="13" unique_id=682677476]
transform = Transform3D(0.99999595, -0.00038904574, 0.002832287, -0.0026655009, 0.23129623, 0.9728797, -0.001033592, -0.97288334, 0.23129423, -0.15041235, 0.70830745, -0.68470293)
collision_layer = 4
joint_type = 3
joint_offset = Transform3D(1, 0, 0, 0, 1, 0, 0, 0, 1, -0.00019722668, -0.00045854956, 0.2706125)
body_offset = Transform3D(1.0000001, 7.799827e-09, -1.4504039e-06, -1.4225079e-06, 0.0003220588, -1.0000029, -1.967419e-08, 1.0000002, 0.0003220588, 0.0001976192, 0.27061343, 0.00037139654)
mass = 5.0
bone_name = "Back_Legs_1.R"
joint_constraints/angular_limit_enabled = false
joint_constraints/angular_limit_upper = 90.0
joint_constraints/angular_limit_lower = -90.0
joint_constraints/angular_limit_bias = 0.3
joint_constraints/angular_limit_softness = 0.9
joint_constraints/angular_limit_relaxation = 1.0

[node name="CollisionShape3D" type="CollisionShape3D" parent="Armature/Skeleton3D/PhysicalBoneSimulator3D/Physical Bone Back_Legs_1_R" index="0" unique_id=566658485]
transform = Transform3D(1, 0, 0, 0, 0, 1, 0, -1, 0, 0, 0, 0)
shape = SubResource("CapsuleShape3D_oprun")

[node name="Physical Bone Back_Legs_2_R" type="PhysicalBone3D" parent="Armature/Skeleton3D/PhysicalBoneSimulator3D" index="14" unique_id=709029697]
transform = Transform3D(0.99999255, 0.0003347027, 0.0038538487, -0.0035436105, 0.4788172, 0.8779076, -0.0015514508, -0.8779146, 0.47881478, -0.15179032, 0.29818612, -0.82687104)
collision_layer = 4
joint_type = 3
joint_offset = Transform3D(1, 0, 0, 0, 1, 0, 0, 0, 1, -0.00023003772, 7.420904e-05, 0.16671914)
body_offset = Transform3D(1.0000002, 1.5101396e-06, 9.444775e-07, 9.74047e-07, -0.0005058348, -1.0000026, -1.5306287e-06, 1.0000004, -0.0005044639, 0.00022988021, 0.16671962, 9.894371e-06)
mass = 5.0
bone_name = "Back_Legs_2.R"
joint_constraints/angular_limit_enabled = false
joint_constraints/angular_limit_upper = 90.0
joint_constraints/angular_limit_lower = -90.0
joint_constraints/angular_limit_bias = 0.3
joint_constraints/angular_limit_softness = 0.9
joint_constraints/angular_limit_relaxation = 1.0

[node name="CollisionShape3D" type="CollisionShape3D" parent="Armature/Skeleton3D/PhysicalBoneSimulator3D/Physical Bone Back_Legs_2_R" index="0" unique_id=1153286215]
transform = Transform3D(1, 0, 0, 0, 0, 1, 0, -1, 0, 0, 0, 0)
shape = SubResource("CapsuleShape3D_a8ls1")

[node name="AnimationTree" type="AnimationTree" parent="." index="2" unique_id=280123688]
tree_root = SubResource("AnimationNodeBlendTree_smehm")
anim_player = NodePath("../AnimationPlayer")
parameters/MoveBlend/blend_amount = 0.0
parameters/Overlay/blend_amount = 0.0
parameters/AttackLayer/blend_amount = 0.0
